clear_connections
get_bite_count
add_connection 10 1 12 (3,42) (3,41) (5,41)
add_connection 11 2 12 (3,39) (3,40)
add_connection 12 3 4 (3,14) (4,14) (4,16)
add_connection 13 4 5
add_connection 14 5 10
add_connection 15 6 13 (4,2) (5,2) (5,3) (6,3)
add_connection 16 7 14 (6,27)
add_connection 17 7 11 (6,27) (6,26) (5,26)
add_connection 18 8 14 (4,29) (5,29) (5,28)
add_connection 19 9 20 (10,6)
add_connection 20 9 19 (10,6)
add_connection 21 9 13 (6,6)
add_connection 22 10 21 (10,18)
add_connection 23 11 14 (5,26) (6,26)
add_connection 24 12 17 (7,40)
add_connection 25 13 20 (6,6) (10,6)
add_connection 26 13 19 (6,6) (10,6)
add_connection 27 14 39 (7,28) (7,27) (12,27) (12,28)
add_connection 28 14 25 (7,28) (7,27) (12,27) (12,28) (17,28) (17,25) (12,25) (12,24)
add_connection 29 15 34 (6,49) (10,49) (10,48) (12,48) (12,47) (13,47) (13,46) (16,46)
add_connection 30 16 17
add_connection 31 17 23 (10,39)
add_connection 32 17 24 (8,39) (8,40) (9,40) (9,42)
add_connection 33 18 26 (9,34) (9,35) (11,35)
add_connection 34 19 20
add_connection 35 20 29
add_connection 36 20 27 (11,8) (11,7) (12,7)
add_connection 37 21 31 (11,19) (11,20) (12,20) (12,21) (13,21) (13,20) (15,20)
add_connection 38 21 22 (11,19) (11,22)
add_connection 39 22 31 (11,22) (11,20) (12,20) (12,21) (13,21) (13,20) (15,20)
add_connection 40 23 35 (12,38) (12,35) (14,35) (14,34)
add_connection 41 23 26 (12,38) (12,36)
add_connection 42 23 24 (10,39) (8,39) (8,40) (9,40) (9,42)
add_connection 43 25 39 (12,24) (12,25) (17,25) (17,28)
add_connection 44 26 35 (12,36) (12,35) (14,35) (14,34)
add_connection 45 27 29 (12,7) (11,7) (11,8)
add_connection 46 28 33 (12,16) (13,16) (13,17) (14,17) (14,18) (15,18) (15,19)
add_connection 47 29 32 (14,8) (14,6) (15,6) (15,5) (14,5) (14,4) (16,4)
add_connection 48 29 30 (13,9) (14,9)
add_connection 49 30 33 (14,11) (15,11) (15,15) (16,15)
add_connection 50 31 41 (17,21) (17,22) (18,22) (18,23)
add_connection 51 31 33 (16,21)
add_connection 52 32 36
add_connection 53 33 41 (16,21) (17,21) (17,22) (18,22) (18,23)
add_connection 54 34 50 (18,43) (18,41) (19,41) (19,40) (23,40)
add_connection 55 34 49 (18,43) (18,41) (19,41) (19,40) (22,40) (22,39) (23,39)
add_connection 56 35 53 (21,34) (21,33) (22,33) (22,34) (23,34) (23,36)
add_connection 57 35 43 (21,34) (21,33) (22,33) (22,34) (23,34) (23,35) (21,35)
add_connection 58 35 52 (21,34) (21,33) (22,33) (22,34) (23,34) (23,33)
add_connection 59 35 47 (21,34) (21,33) (22,33) (22,34) (23,34) (23,32) (22,32)
add_connection 60 37 38
add_connection 61 38 42 (20,9)
add_connection 62 39 45 (21,28) (21,25) (20,25) (20,20) (22,20)
add_connection 63 39 41 (21,28) (21,25) (20,25) (20,23)
add_connection 64 39 47 (20,28) (20,29)
add_connection 65 40 43 (18,36)
add_connection 66 41 47 (20,23) (20,25) (21,25) (21,28) (20,28) (20,29)
add_connection 67 41 45 (20,23) (20,20) (22,20)
add_connection 68 42 45 (22,18)
add_connection 69 42 48 (22,18) (22,16) (23,16)
add_connection 70 43 53 (21,35) (23,35) (23,36)
add_connection 71 43 52 (21,35) (23,35) (23,33)
add_connection 72 43 47 (21,35) (23,35) (23,32) (22,32)
add_connection 73 44 54 (21,45) (22,45) (22,44) (23,44) (23,46) (24,46)
add_connection 74 44 62 (21,45) (22,45) (22,44) (23,44) (23,42) (28,42)
add_connection 75 44 50 (21,45) (22,45) (22,44) (23,44)
add_connection 76 45 47 (22,20) (20,20) (20,25) (21,25) (21,28) (20,28) (20,29)
add_connection 77 45 48 (22,16) (23,16)
add_connection 78 46 47
add_connection 79 46 56 (22,21) (24,21) (24,20)
add_connection 80 47 52 (22,32) (23,32) (23,33)
add_connection 81 47 53 (22,32) (23,32) (23,36)
add_connection 82 48 51 (24,14)
add_connection 83 49 50 (23,39) (22,39) (22,40) (23,40)
add_connection 84 49 53 (23,37) (24,37)
add_connection 85 50 62 (23,42) (28,42)
add_connection 86 50 54 (23,46) (24,46)
add_connection 87 51 55 (24,8) (25,8)
add_connection 88 52 75 (27,33) (27,32) (29,32) (29,30) (31,30) (31,27) (33,27) (33,26) (35,26)
add_connection 89 52 71 (25,33) (25,32) (26,32) (26,27) (27,27) (27,26) (31,26) (31,25) (33,25) (33,23)
add_connection 90 52 64 (25,33) (25,32) (26,32) (26,27) (27,27) (27,26) (29,26) (29,25) (28,25) (28,24) (29,24)
add_connection 91 52 53 (23,33) (23,36)
add_connection 92 53 77 (27,36) (27,37)
add_connection 93 53 65 (26,36) (26,39)
add_connection 94 53 60 (26,36) (26,39) (27,39)
add_connection 95 53 80 (25,36) (25,35) (29,35) (29,33) (30,33) (30,31) (34,31) (34,30) (35,30) (35,31)
add_connection 96 53 76 (25,36) (25,35) (29,35) (29,33) (30,33) (30,31) (34,31) (34,30) (35,30)
add_connection 97 54 62 (24,46) (23,46) (23,42) (28,42)
add_connection 98 55 58 (25,6) (26,6) (26,5) (27,5)
add_connection 99 56 61 (26,19) (27,19) (27,18)
add_connection 100 56 59 (26,19) (27,19)
add_connection 101 57 58 (28,1) (28,4)
add_connection 102 59 63 (29,13)
add_connection 103 59 61 (27,18)
add_connection 104 60 65 (27,39)
add_connection 105 60 77 (27,39) (26,39) (26,36) (27,36) (27,37)
add_connection 106 60 80 (27,39) (26,39) (26,36) (25,36) (25,35) (29,35) (29,33) (30,33) (30,31) (34,31) (34,30) (35,30) (35,31)
add_connection 107 60 76 (27,39) (26,39) (26,36) (25,36) (25,35) (29,35) (29,33) (30,33) (30,31) (34,31) (34,30) (35,30)
add_connection 108 61 97 (29,18) (29,17) (35,17) (35,15) (36,15) (36,14) (37,14) (37,13) (39,13) (39,12) (40,12) (40,10) (43,10) (43,9)
add_connection 109 61 87 (29,18) (29,17) (35,17) (35,15) (36,15) (36,14) (37,14) (37,13) (39,13) (39,12) (40,12) (40,10) (41,10) (41,7) (40,7)
add_connection 110 61 74 (29,18) (29,17) (35,17) (35,15) (36,15) (36,14) (37,14) (37,11) (35,11)
add_connection 111 61 68 (29,18) (29,17) (33,17)
add_connection 112 62 69 (28,45)
add_connection 113 64 71 (29,24) (28,24) (28,25) (29,25) (29,26) (31,26) (31,25) (33,25) (33,23)
add_connection 114 64 75 (29,24) (28,24) (28,25) (29,25) (29,26) (27,26) (27,27) (26,27) (26,32) (25,32) (25,33) (27,33) (27,32) (29,32) (29,30) (31,30) (31,27) (33,27) (33,26) (35,26)
add_connection 115 65 78 (31,39) (31,40) (34,40) (34,42) (35,42) (35,44)
add_connection 116 65 77 (26,39) (26,36) (27,36) (27,37)
add_connection 117 65 80 (26,39) (26,36) (25,36) (25,35) (29,35) (29,33) (30,33) (30,31) (34,31) (34,30) (35,30) (35,31)
add_connection 118 65 76 (26,39) (26,36) (25,36) (25,35) (29,35) (29,33) (30,33) (30,31) (34,31) (34,30) (35,30)
add_connection 119 66 67 (32,11) (32,12)
add_connection 120 67 68
add_connection 121 68 97 (33,17) (35,17) (35,15) (36,15) (36,14) (37,14) (37,13) (39,13) (39,12) (40,12) (40,10) (43,10) (43,9)
add_connection 122 68 87 (33,17) (35,17) (35,15) (36,15) (36,14) (37,14) (37,13) (39,13) (39,12) (40,12) (40,10) (41,10) (41,7) (40,7)
add_connection 123 68 74 (33,17) (35,17) (35,15) (36,15) (36,14) (37,14) (37,11) (35,11)
add_connection 124 70 82 (34,21) (35,21) (35,23)
add_connection 125 70 71 (34,21) (35,21) (35,23)
add_connection 126 71 82
add_connection 127 71 75 (33,23) (33,25) (31,25) (31,26) (27,26) (27,27) (26,27) (26,32) (25,32) (25,33) (27,33) (27,32) (29,32) (29,30) (31,30) (31,27) (33,27) (33,26) (35,26)
add_connection 128 72 73 (34,3) (34,6)
add_connection 129 73 79
add_connection 130 73 74
add_connection 131 74 97 (35,11) (37,11) (37,13) (39,13) (39,12) (40,12) (40,10) (43,10) (43,9)
add_connection 132 74 87 (35,11) (37,11) (37,13) (39,13) (39,12) (40,12) (40,10) (41,10) (41,7) (40,7)
add_connection 133 76 80 (35,31)
add_connection 134 76 77 (35,30) (34,30) (34,31) (30,31) (30,33) (29,33) (29,35) (25,35) (25,36) (27,36) (27,37)
add_connection 135 76 83 (35,28)
add_connection 136 77 85 (37,37) (37,38) (39,38)
add_connection 137 77 81 (37,37)
add_connection 138 77 80 (27,37) (27,36) (25,36) (25,35) (29,35) (29,33) (30,33) (30,31) (34,31) (34,30) (35,30) (35,31)
add_connection 139 80 84
add_connection 140 81 89 (40,36) (40,35)
add_connection 141 81 88 (40,36) (40,32)
add_connection 142 81 85 (37,38) (39,38)
add_connection 143 83 94 (41,28) (41,27) (42,27) (42,28)
add_connection 144 83 98 (41,28) (41,27) (42,27) (42,28) (43,28) (43,25) (46,25)
add_connection 145 83 99 (41,28) (41,27) (42,27) (42,28) (43,28) (43,25) (44,25) (44,23) (45,23) (45,22)
add_connection 146 83 96 (41,28) (41,27) (42,27) (42,28) (43,28) (43,25) (44,25) (44,24) (43,24) (43,22) (44,22) (44,21) (45,21)
add_connection 147 83 91 (41,28) (41,27) (42,27) (42,28) (43,28) (43,25) (44,25) (44,24) (43,24) (43,23)
add_connection 148 85 86
add_connection 149 86 90 (40,41) (40,43) (41,43)
add_connection 150 86 100 (40,41) (40,40) (42,40) (42,42) (44,42) (44,43)
add_connection 151 86 92 (40,41) (40,40) (42,40) (42,39) (43,39)
add_connection 152 87 97 (40,7) (41,7) (41,10) (43,10) (43,9)
add_connection 153 88 89 (40,32) (40,35)
add_connection 154 89 95 (43,35) (43,34)
add_connection 155 90 100 (41,43) (40,43) (40,40) (42,40) (42,42) (44,42) (44,43)
add_connection 156 90 92 (41,43) (40,43) (40,40) (42,40) (42,39) (43,39)
add_connection 157 91 98 (43,23) (43,24) (44,24) (44,25) (46,25)
add_connection 158 91 94 (43,23) (43,24) (44,24) (44,25) (43,25) (43,28)
add_connection 159 91 99 (43,23) (43,24) (44,24) (44,23) (45,23) (45,22)
add_connection 160 91 96 (43,23) (43,22) (44,22) (44,21) (45,21)
add_connection 161 92 100 (43,39) (42,39) (42,42) (44,42) (44,43)
add_connection 162 93 96 (44,20)
add_connection 163 94 103
add_connection 164 94 98 (43,28) (43,25) (46,25)
add_connection 165 94 99 (43,28) (43,25) (44,25) (44,23) (45,23) (45,22)
add_connection 166 94 96 (43,28) (43,25) (44,25) (44,24) (43,24) (43,22) (44,22) (44,21) (45,21)
add_connection 167 95 104 (45,34) (45,35) (47,35) (47,36)
add_connection 168 96 98 (45,21) (44,21) (44,22) (43,22) (43,24) (44,24) (44,25) (46,25)
add_connection 169 96 99 (45,21) (44,21) (44,22) (43,22) (43,24) (44,24) (44,23) (45,23) (45,22)
add_connection 170 97 102 (47,9) (47,10)
add_connection 171 97 101 (46,8) (48,8)
add_connection 172 98 99 (46,25) (44,25) (44,23) (45,23) (45,22)
all_bites
get_bite_count
