clear_connections
get_bite_count
add_connection 10 1 15 (1,14) (2,14) (2,15)
add_connection 11 2 10 (2,40)
add_connection 12 3 5 (3,46) (3,47) (4,47) (4,48)
add_connection 13 3 25 (3,46) (3,47) (4,47) (4,46)
add_connection 14 3 18 (3,46) (3,47) (4,47) (4,46) (5,46)
add_connection 15 4 17 (4,36)
add_connection 16 5 25 (4,48) (4,46)
add_connection 17 5 18 (4,48) (4,46) (5,46)
add_connection 18 6 21 (3,80) (3,81) (4,81) (4,80)
add_connection 19 7 27 (3,11) (4,11) (4,12) (5,12) (5,14) (7,14)
add_connection 20 8 64 (9,20) (9,19) (11,19) (11,18) (14,18) (14,19) (15,19) (15,22) (16,22)
add_connection 21 8 32 (9,20) (9,19) (11,19) (11,18) (14,18) (14,11) (12,11) (12,12) (11,12) (11,11)
add_connection 22 8 27 (9,20) (9,19) (11,19) (11,18) (10,18) (10,17) (9,17) (9,16) (7,16)
add_connection 23 9 33 (3,32) (4,32) (4,31) (7,31) (7,32) (8,32)
add_connection 24 10 57 (6,40) (6,41) (7,41) (7,43) (11,43) (11,45) (12,45) (12,44) (14,44)
add_connection 25 10 46 (6,40) (6,41) (7,41) (7,43) (11,43)
add_connection 26 10 42 (6,40) (6,41) (7,41) (7,43) (11,43) (11,45)
add_connection 27 10 34 (6,40) (6,41) (7,41) (7,37)
add_connection 28 10 17 (6,40) (6,41) (7,41) (7,38) (6,38) (6,37)
add_connection 29 11 19 (5,58)
add_connection 30 12 47 (9,68) (9,66) (10,66) (10,67)
add_connection 31 12 36 (9,68) (9,66)
add_connection 32 12 37 (8,68)
add_connection 33 13 38 (3,85) (6,85) (6,84) (7,84) (7,85)
add_connection 34 13 21 (3,85) (6,85) (6,84) (7,84) (7,83) (6,83) (6,80)
add_connection 35 14 23 (4,95) (4,96)
add_connection 36 15 27 (5,15) (6,15)
add_connection 37 16 28 (5,26) (6,26)
add_connection 38 17 57 (6,37) (6,38) (7,38) (7,43) (11,43) (11,45) (12,45) (12,44) (14,44)
add_connection 39 17 46 (6,37) (6,38) (7,38) (7,43) (11,43)
add_connection 40 17 42 (6,37) (6,38) (7,38) (7,43) (11,43) (11,45)
add_connection 41 17 34 (6,37) (6,38) (7,38) (7,37)
add_connection 42 18 25 (5,46)
add_connection 43 19 59 (9,61) (9,60) (12,60) (12,61) (13,61) (13,62)
add_connection 44 19 26 (9,61) (9,60) (12,60) (12,61) (13,61) (13,62) (12,62) (12,63) (11,63) (11,64) (7,64) (7,65)
add_connection 45 20 30 (7,73)
add_connection 46 21 38 (6,80) (6,83) (7,83) (7,85)
add_connection 47 22 44 (5,87) (8,87) (8,86) (9,86) (9,87)
add_connection 48 22 38 (5,87) (8,87)
add_connection 49 23 41 (8,96) (8,94) (9,94)
add_connection 50 24 33 (8,34)
add_connection 51 25 42 (8,46) (8,45)
add_connection 52 25 29 (7,46)
add_connection 53 26 59 (7,65) (7,64) (11,64) (11,63) (12,63) (12,62)
add_connection 54 27 64 (7,16) (9,16) (9,17) (10,17) (10,18) (14,18) (14,19) (15,19) (15,22) (16,22)
add_connection 55 27 32 (7,16) (9,16) (9,17) (10,17) (10,18) (14,18) (14,11) (12,11) (12,12) (11,12) (11,11)
add_connection 56 28 40 (8,26) (8,27) (9,27)
add_connection 57 29 42 (7,46) (8,46) (8,45)
add_connection 58 30 37 (7,71) (8,71)
add_connection 59 31 43 (8,78) (9,78)
add_connection 60 32 64 (11,11) (11,12) (12,12) (12,11) (14,11) (14,19) (15,19) (15,22) (16,22)
add_connection 61 33 49 (9,33) (10,33) (11,33)
add_connection 62 34 57 (7,37) (7,43) (11,43) (11,45) (12,45) (12,44) (14,44)
add_connection 63 34 46 (7,37) (7,43) (11,43)
add_connection 64 34 42 (7,37) (7,43) (11,43) (11,45)
add_connection 65 35 74 (9,58) (9,59) (13,59) (13,57) (16,57) (16,56)
add_connection 66 35 50 (9,58) (9,59) (13,59) (13,57)
add_connection 67 36 47 (10,66) (10,67)
add_connection 68 36 37 (9,66) (9,68) (8,68)
add_connection 69 37 47 (8,68) (9,68) (9,66) (10,66) (10,67)
add_connection 70 38 44 (8,86) (9,86) (9,87)
add_connection 71 39 41 (9,91)
add_connection 72 40 61 (10,28) (10,27) (13,27) (13,26)
add_connection 73 41 53 (12,93)
add_connection 74 42 57 (12,45) (12,44) (14,44)
add_connection 75 42 46 (11,45)
add_connection 76 43 51 (10,77)
add_connection 77 44 52 (11,87)
add_connection 78 45 61 (13,22) (13,24) (14,24) (14,25) (15,25)
add_connection 79 46 57 (11,45) (12,45) (12,44) (14,44)
add_connection 80 47 55 (11,66)
add_connection 81 48 75 (15,98) (15,97) (16,97) (16,96) (17,96)
add_connection 82 49 65 (13,33) (13,32) (16,32)
add_connection 83 50 74 (16,57) (16,56)
add_connection 84 51 67 (13,77) (13,79)
add_connection 85 52 63 (13,87) (13,86)
add_connection 86 53 60 (14,92)
add_connection 87 54 61 (14,29) (14,28) (15,28)
add_connection 88 55 119 (13,65) (16,65) (16,63) (18,63) (18,62) (20,62) (20,61) (25,61) (25,60)
add_connection 89 55 66 (13,65) (16,65)
add_connection 90 56 62 (14,41) (15,41) (15,43) (17,43) (17,45)
add_connection 91 56 73 (14,41) (15,41) (15,43) (17,43)
add_connection 92 56 57 (14,41) (15,41) (15,43)
add_connection 93 57 62 (17,43) (17,45)
add_connection 94 57 73 (17,43)
add_connection 95 58 80 (14,49) (16,49) (16,50) (18,50) (18,54) (19,54)
add_connection 96 59 66 (15,62)
add_connection 97 60 79 (16,91) (16,90)
add_connection 98 61 71 (16,26) (16,27) (17,27)
add_connection 99 61 64 (16,26)
add_connection 100 62 73 (17,45)
add_connection 101 63 78 (18,86)
add_connection 102 64 71 (16,27) (17,27)
add_connection 103 65 71 (17,33)
add_connection 104 66 119 (16,63) (18,63) (18,62) (20,62) (20,61) (25,61) (25,60)
add_connection 105 67 87 (16,80)
add_connection 106 68 91 (18,9) (19,9) (20,9)
add_connection 107 68 77 (18,9)
add_connection 108 69 70 (17,15)
add_connection 109 70 82 (17,20)
add_connection 110 71 84 (20,31)
add_connection 111 72 73 (17,40) (17,41)
add_connection 112 73 85 (18,42) (19,42)
add_connection 113 74 80 (18,56) (18,55)
add_connection 114 75 89 (19,94) (19,93)
add_connection 115 76 77 (18,3) (17,3) (17,5) (18,5)
add_connection 116 77 91 (18,9)
add_connection 117 78 88 (19,84) (19,85)
add_connection 118 79 99 (20,90) (20,91) (21,91) (21,92) (22,92)
add_connection 119 79 89 (20,90) (20,91) (21,91) (21,93)
add_connection 120 80 118 (25,55) (25,56)
add_connection 121 80 86 (20,55)
add_connection 122 81 97 (20,75) (21,75)
add_connection 123 82 106 (21,20) (21,21) (22,21) (22,22) (23,22) (23,23)
add_connection 124 82 83 (21,20) (21,21) (22,21) (22,22) (21,22) (21,23)
add_connection 125 83 106 (21,23) (21,22) (23,22) (23,23)
add_connection 126 84 107 (23,30) (23,29)
add_connection 127 85 95 (20,43)
add_connection 128 86 118 (20,55) (25,55) (25,56)
add_connection 129 87 179 (22,80) (22,81) (26,81) (26,80) (29,80) (29,81) (33,81) (33,80) (34,80) (34,81) (35,81) (35,80) (37,80) (37,79) (42,79)
add_connection 130 87 169 (22,80) (22,81) (26,81) (26,80) (29,80) (29,81) (33,81) (33,80) (34,80) (34,81) (35,81) (35,80) (37,80) (37,79) (39,79)
add_connection 131 87 122 (22,80) (22,81) (26,81) (26,80) (29,80) (29,81) (30,81) (30,82) (28,82) (28,83) (27,83) (27,84)
add_connection 132 88 98 (22,85)
add_connection 133 89 99 (21,93) (21,92) (22,92)
add_connection 134 90 104 (22,2) (23,2)
add_connection 135 91 114 (26,9)
add_connection 136 91 113 (26,9)
add_connection 137 92 93 (21,14) (22,14) (22,15) (21,15)
add_connection 138 93 103 (22,16)
add_connection 139 94 134 (21,68) (24,68) (24,67) (25,67) (25,68) (27,68) (27,66) (30,66)
add_connection 140 95 111 (24,43) (24,40)
add_connection 141 96 126 (28,47)
add_connection 142 97 108 (23,75) (23,74)
add_connection 143 98 109 (24,84)
add_connection 144 99 122 (23,89) (23,88) (25,88) (25,84)
add_connection 145 99 109 (23,89) (23,88) (25,88) (25,85)
add_connection 146 100 110 (24,94)
add_connection 147 101 104 (24,5)
add_connection 148 101 102 (23,6)
add_connection 149 102 113 (23,8)
add_connection 150 103 124 (24,16) (24,18) (26,18) (26,20) (25,20) (25,21) (26,21) (26,22) (25,22) (25,25) (26,25) (26,31) (27,31) (27,33)
add_connection 151 103 107 (24,16) (24,18) (26,18) (26,20) (25,20) (25,21) (26,21) (26,22) (25,22) (25,25) (26,25) (26,30) (24,30)
add_connection 152 103 106 (24,16) (24,18) (26,18) (26,20) (25,20) (25,21) (26,21) (26,22) (25,22) (25,23)
add_connection 153 103 115 (24,16) (24,18) (26,18)
add_connection 154 103 105 (23,13)
add_connection 155 106 124 (25,23) (25,25) (26,25) (26,31) (27,31) (27,33)
add_connection 156 106 107 (25,23) (25,25) (26,25) (26,30) (24,30)
add_connection 157 106 115 (25,23) (25,22) (26,22) (26,21) (25,21) (25,20) (26,20)
add_connection 158 107 124 (24,30) (26,30) (26,31) (27,31) (27,33)
add_connection 159 107 115 (24,30) (26,30) (26,25) (25,25) (25,22) (26,22) (26,21) (25,21) (25,20) (26,20)
add_connection 160 108 121 (25,74)
add_connection 161 109 122 (25,85) (25,84)
add_connection 162 110 169 (24,92) (25,92) (25,91) (26,91) (26,89) (28,89) (28,88) (30,88) (30,87) (39,87)
add_connection 163 110 165 (24,92) (25,92) (25,91) (26,91) (26,89) (28,89) (28,88) (30,88) (30,87) (38,87)
add_connection 164 110 132 (24,92) (25,92) (25,91) (26,91) (26,89) (28,89) (28,88) (30,88) (30,87) (38,87) (38,88) (37,88) (37,89) (32,89) (32,90) (30,90) (30,91) (29,91)
add_connection 165 110 128 (24,92) (25,92) (25,91) (26,91) (26,89) (28,89) (28,88) (30,88) (30,87) (38,87) (38,88) (37,88) (37,89) (32,89) (32,90) (30,90) (30,91)
add_connection 166 111 125 (28,40)
add_connection 167 112 118 (25,53) (26,53) (26,54) (27,54) (27,55) (29,55) (29,56)
add_connection 168 112 137 (25,53) (26,53) (26,54) (27,54) (27,55) (29,55) (29,53) (31,53) (31,52)
add_connection 169 113 114 (26,9) (26,10)
add_connection 170 114 151 (27,11) (27,14) (30,14) (30,16) (31,16) (31,17) (32,17) (32,19)
add_connection 171 114 146 (27,11) (27,14) (30,14) (30,16) (31,16) (31,17) (32,17) (32,19) (35,19)
add_connection 172 114 130 (27,11) (27,14) (30,14) (30,16)
add_connection 173 114 129 (27,11) (27,14) (29,14)
add_connection 174 115 124 (26,20) (25,20) (25,21) (26,21) (26,22) (25,22) (25,25) (26,25) (26,31) (27,31) (27,33)
add_connection 175 116 148 (28,38) (28,37) (33,37) (33,36) (34,36) (34,37)
add_connection 176 116 143 (28,38) (28,37) (33,37) (33,36) (34,36)
add_connection 177 116 136 (28,38) (28,37) (33,37) (33,36) (32,36)
add_connection 178 116 131 (28,38) (28,37) (29,37)
add_connection 179 117 125 (27,42) (27,41)
add_connection 180 118 137 (29,56) (29,53) (31,53) (31,52)
add_connection 181 119 138 (27,60) (27,59) (28,59) (28,58) (29,58) (29,57) (32,57)
add_connection 182 119 144 (27,60) (27,59) (28,59) (28,58) (29,58) (29,57) (32,57) (32,56) (34,56)
add_connection 183 120 127 (28,72)
add_connection 184 120 121 (26,73)
add_connection 185 122 179 (27,84) (27,83) (28,83) (28,82) (30,82) (30,81) (33,81) (33,80) (34,80) (34,81) (35,81) (35,80) (37,80) (37,79) (42,79)
add_connection 186 122 169 (27,84) (27,83) (28,83) (28,82) (30,82) (30,81) (33,81) (33,80) (34,80) (34,81) (35,81) (35,80) (37,80) (37,79) (39,79)
add_connection 187 123 132 (26,94)
add_connection 188 124 131 (28,34) (29,34)
add_connection 189 125 140 (29,41) (30,41) (31,41) (32,41)
add_connection 190 126 176 (31,48) (31,46) (33,46) (33,47) (34,47) (34,46) (42,46)
add_connection 191 126 163 (31,48) (31,46) (33,46) (33,47) (34,47) (34,46) (39,46) (39,48)
add_connection 192 126 141 (31,48) (31,46) (33,46) (33,47) (34,47) (34,45) (33,45)
add_connection 193 127 154 (30,71) (30,70)
add_connection 194 128 165 (30,91) (30,90) (32,90) (32,89) (37,89) (37,88) (38,88)
add_connection 195 128 169 (30,91) (30,90) (32,90) (32,89) (37,89) (37,88) (38,88) (38,87) (39,87)
add_connection 196 128 132 (29,91)
add_connection 197 129 151 (29,14) (30,14) (30,16) (31,16) (31,17) (32,17) (32,19)
add_connection 198 129 146 (29,14) (30,14) (30,16) (31,16) (31,17) (32,17) (32,19) (35,19)
add_connection 199 129 130 (29,14) (30,14) (30,16)
add_connection 200 130 151 (31,16) (31,17) (32,17) (32,19)
add_connection 201 130 146 (31,16) (31,17) (32,17) (32,19) (35,19)
add_connection 202 131 148 (29,37) (33,37) (33,36) (34,36) (34,37)
add_connection 203 131 143 (29,37) (33,37) (33,36) (34,36)
add_connection 204 131 136 (29,37) (33,37) (33,36) (32,36)
add_connection 205 132 165 (29,91) (30,91) (30,90) (32,90) (32,89) (37,89) (37,88) (38,88)
add_connection 206 132 169 (29,91) (30,91) (30,90) (32,90) (32,89) (37,89) (37,88) (38,88) (38,87) (39,87)
add_connection 207 133 198 (32,64) (32,65) (36,65) (36,67) (37,67) (37,66) (43,66) (43,67) (44,67) (44,66) (47,66) (47,65) (48,65)
add_connection 208 133 149 (32,64) (32,65) (36,65) (36,68)
add_connection 209 134 139 (31,67)
add_connection 210 135 142 (32,4) (34,4)
add_connection 211 136 148 (32,36) (34,36) (34,37)
add_connection 212 136 143 (32,36) (34,36)
add_connection 213 137 173 (38,52) (38,53) (39,53) (39,54) (40,54)
add_connection 214 137 152 (36,52)
add_connection 215 138 144 (32,56) (34,56)
add_connection 216 139 149 (35,67)
add_connection 217 140 162 (36,41) (36,40)
add_connection 218 141 176 (33,45) (34,45) (34,46) (42,46)
add_connection 219 141 163 (33,45) (34,45) (34,46) (39,46) (39,48)
add_connection 220 142 167 (38,5) (38,9)
add_connection 221 142 156 (38,5) (38,9)
add_connection 222 142 166 (38,5) (38,4) (39,4)
add_connection 223 143 148 (34,37)
add_connection 224 144 173 (35,55) (36,55) (37,55) (38,55) (39,55)
add_connection 225 145 179 (36,74) (36,73) (38,73) (38,72) (41,72) (41,71) (44,71) (44,72) (46,72) (46,78)
add_connection 226 145 208 (36,74) (36,73) (38,73) (38,72) (41,72) (41,71) (44,71) (44,72) (46,72) (46,71) (48,71) (48,70)
add_connection 227 145 191 (36,74) (36,73) (38,73) (38,72) (41,72) (41,71) (44,71) (44,72) (46,72)
add_connection 228 145 164 (36,74) (36,73) (38,73) (38,72) (40,72) (40,73) (39,73) (39,76) (38,76)
add_connection 229 146 151 (35,19)
add_connection 230 147 159 (37,28)
add_connection 231 147 158 (36,28) (36,27) (37,27)
add_connection 232 148 162 (35,38) (36,38) (36,39) (38,39)
add_connection 233 148 159 (35,38) (36,38) (36,39) (38,39) (38,38) (37,38)
add_connection 234 149 198 (36,68) (36,67) (37,67) (37,66) (43,66) (43,67) (44,67) (44,66) (47,66) (47,65) (48,65)
add_connection 235 150 167 (41,15) (41,13) (40,13) (40,10) (39,10)
add_connection 236 150 171 (39,15) (39,18)
add_connection 237 150 161 (38,15)
add_connection 238 151 157 (36,21)
add_connection 239 152 173 (36,52) (38,52) (38,53) (39,53) (39,54) (40,54)
add_connection 240 153 178 (37,62) (38,62) (39,62) (40,62) (41,62)
add_connection 241 154 168 (36,69) (39,69)
add_connection 242 155 165 (37,97) (37,92) (39,92) (39,91) (38,91)
add_connection 243 156 167 (38,9)
add_connection 244 156 166 (38,9) (38,4) (39,4)
add_connection 245 157 212 (41,21) (41,22) (44,22) (44,24) (46,24) (46,25) (51,25) (51,24)
add_connection 246 157 174 (41,21) (41,22) (44,22) (44,24) (46,24) (46,25) (42,25) (42,24)
add_connection 247 157 171 (40,21)
add_connection 248 158 159 (37,27) (36,27) (36,28) (37,28)
add_connection 249 159 162 (37,38) (38,38)
add_connection 250 160 169 (38,85)
add_connection 251 161 167 (38,15) (41,15) (41,13) (40,13) (40,10) (39,10)
add_connection 252 161 171 (38,15) (39,15) (39,18)
add_connection 253 162 180 (39,40) (39,41) (42,41) (42,42) (43,42)
add_connection 254 162 183 (39,40) (39,41) (42,41) (42,42) (43,42) (43,39) (44,39)
add_connection 255 162 172 (39,40) (39,41) (42,41) (42,42) (43,42) (43,39) (42,39) (42,38) (40,38)
add_connection 256 163 176 (39,48) (39,46) (42,46)
add_connection 257 164 179 (38,76) (39,76) (39,73) (40,73) (40,72) (41,72) (41,71) (44,71) (44,72) (46,72) (46,78)
add_connection 258 164 208 (38,76) (39,76) (39,73) (40,73) (40,72) (41,72) (41,71) (44,71) (44,72) (46,72) (46,71) (48,71) (48,70)
add_connection 259 164 191 (38,76) (39,76) (39,73) (40,73) (40,72) (41,72) (41,71) (44,71) (44,72) (46,72)
add_connection 260 165 169 (38,87) (39,87)
add_connection 261 166 167 (39,4) (38,4) (38,9)
add_connection 262 167 171 (39,10) (40,10) (40,13) (41,13) (41,15) (39,15) (39,18)
add_connection 263 168 182 (43,68)
add_connection 264 169 179 (39,79) (42,79)
add_connection 265 170 175 (39,93) (40,93) (40,92)
add_connection 266 171 212 (40,21) (41,21) (41,22) (44,22) (44,24) (46,24) (46,25) (51,25) (51,24)
add_connection 267 171 174 (40,21) (41,21) (41,22) (44,22) (44,24) (46,24) (46,25) (42,25) (42,24)
add_connection 268 172 183 (40,38) (42,38) (42,39) (44,39)
add_connection 269 172 180 (40,38) (42,38) (42,39) (43,39)
add_connection 270 173 188 (40,56) (43,56) (43,57) (44,57) (44,58) (45,58)
add_connection 271 173 177 (40,56) (43,56) (43,57) (42,57)
add_connection 272 174 212 (42,24) (42,25) (51,25) (51,24)
add_connection 273 175 192 (41,91) (42,91) (42,90) (44,90) (44,89) (46,89)
add_connection 274 175 210 (41,91) (42,91) (42,90) (44,90) (44,89) (46,89) (46,87) (51,87)
add_connection 275 176 184 (44,47)
add_connection 276 177 188 (42,57) (44,57) (44,58) (45,58)
add_connection 277 178 188 (45,62)
add_connection 278 179 208 (46,78) (46,71) (48,71) (48,70)
add_connection 279 179 191 (46,78)
add_connection 280 180 184 (44,43)
add_connection 281 180 183 (43,39) (44,39)
add_connection 282 181 190 (43,50) (46,50)
add_connection 283 182 191 (46,69)
add_connection 284 183 186 (45,36)
add_connection 285 184 200 (45,45) (45,44) (46,44) (46,47)
add_connection 286 184 187 (45,45) (45,44) (46,44) (46,48)
add_connection 287 185 199 (45,11) (46,11) (46,12) (49,12)
add_connection 288 187 200 (46,48) (46,47)
add_connection 289 188 195 (46,60)
add_connection 290 189 192 (46,98) (46,97) (47,97) (47,96) (48,96) (48,93) (47,93) (47,91) (46,91)
add_connection 291 189 193 (46,98) (46,97) (47,97) (47,96) (48,96) (48,93) (46,93)
add_connection 292 190 254 (51,52) (51,53) (52,53) (52,54) (54,54) (54,55) (58,55) (58,54) (60,54) (60,55)
add_connection 293 190 217 (51,52) (51,53) (52,53) (52,54) (54,54) (54,55) (58,55) (58,54) (59,54) (59,51) (58,51) (58,52)
add_connection 294 190 232 (51,52) (51,53) (52,53) (52,54) (54,54) (54,55) (58,55) (58,54) (59,54) (59,51) (58,51) (58,50)
add_connection 295 190 201 (51,52) (51,50)
add_connection 296 191 208 (46,71) (48,71) (48,70)
add_connection 297 192 193 (46,91) (47,91) (47,93) (46,93)
add_connection 298 192 210 (46,87) (51,87)
add_connection 299 194 235 (47,6) (50,6) (50,7) (52,7) (52,8) (53,8) (53,11) (55,11) (55,12) (57,12)
add_connection 300 194 225 (47,6) (50,6) (50,7) (52,7) (52,8) (53,8) (53,11) (55,11) (55,12) (56,12) (56,7) (55,7)
add_connection 301 194 216 (47,6) (50,6) (50,7) (52,7) (52,8) (53,8) (53,11) (55,11) (55,12) (53,12)
add_connection 302 195 202 (49,60) (49,61) (50,61)
add_connection 303 196 212 (52,23)
add_connection 304 196 205 (52,23) (52,22) (53,22) (53,21) (51,21)
add_connection 305 197 226 (48,30) (52,30) (52,35)
add_connection 306 197 206 (48,30) (52,30) (52,34)
add_connection 307 198 202 (49,64)
add_connection 308 199 204 (51,13)
add_connection 309 200 201 (50,48) (50,49)
add_connection 310 201 254 (51,50) (51,53) (52,53) (52,54) (54,54) (54,55) (58,55) (58,54) (60,54) (60,55)
add_connection 311 201 217 (51,50) (51,53) (52,53) (52,54) (54,54) (54,55) (58,55) (58,54) (59,54) (59,51) (58,51) (58,52)
add_connection 312 201 232 (51,50) (51,53) (52,53) (52,54) (54,54) (54,55) (58,55) (58,54) (59,54) (59,51) (58,51) (58,50)
add_connection 313 202 213 (51,64) (51,65)
add_connection 314 203 223 (50,90)
add_connection 315 203 211 (50,90) (52,90) (52,92) (51,92)
add_connection 316 203 215 (50,90) (51,90) (51,88)
add_connection 317 204 216 (52,15) (52,14)
add_connection 318 205 212 (51,21) (53,21) (53,22) (52,22)
add_connection 319 206 226 (52,34) (52,35)
add_connection 320 207 253 (52,43) (52,44) (53,44) (53,45) (54,45) (54,47) (55,47) (55,48) (56,48) (56,47) (59,47) (59,49)
add_connection 321 208 234 (56,70)
add_connection 322 209 242 (51,73) (53,73) (53,71) (57,71) (57,69) (58,69)
add_connection 323 209 257 (51,73) (53,73) (53,71) (57,71) (57,69) (58,69) (58,67) (59,67) (59,62) (61,62) (61,67) (62,67)
add_connection 324 209 272 (51,73) (53,73) (53,71) (57,71) (57,69) (58,69) (58,67) (59,67) (59,62) (61,62) (61,61) (66,61)
add_connection 325 209 267 (51,73) (53,73) (53,71) (57,71) (57,69) (58,69) (58,67) (59,67) (59,62) (61,62) (61,61) (65,61)
add_connection 326 209 264 (51,73) (53,73) (53,71) (57,71) (57,69) (58,69) (58,67) (59,67) (59,62) (61,62) (61,61) (64,61)
add_connection 327 209 241 (51,73) (53,73) (53,71) (57,71) (57,69) (58,69) (58,67) (59,67) (59,61)
add_connection 328 209 236 (51,73) (53,73) (53,71) (57,71) (57,69) (58,69) (58,67) (59,67) (59,64) (57,64)
add_connection 329 210 215 (52,85)
add_connection 330 210 214 (51,81)
add_connection 331 211 223 (51,92) (52,92) (52,90)
add_connection 332 211 215 (51,92) (52,92) (52,90) (51,90) (51,88)
add_connection 333 212 220 (52,25) (54,25)
add_connection 334 213 236 (53,65) (54,65) (55,65) (56,65)
add_connection 335 213 234 (56,65)
add_connection 336 214 228 (52,80) (51,80) (51,79) (52,79) (52,77) (54,77) (54,78) (55,78)
add_connection 337 214 218 (52,80) (51,80) (51,79) (52,79) (52,77) (53,77)
add_connection 338 215 223 (51,88) (51,90)
add_connection 339 216 235 (53,12) (57,12)
add_connection 340 216 225 (53,12) (56,12) (56,7) (55,7)
add_connection 341 217 254 (58,52) (58,51) (59,51) (59,54) (60,54) (60,55)
add_connection 342 217 232 (58,52) (58,50)
add_connection 343 218 227 (54,76)
add_connection 344 218 228 (53,77) (54,77) (54,78) (55,78)
add_connection 345 219 224 (54,95)
add_connection 346 219 223 (53,94) (54,94)
add_connection 347 220 239 (54,28) (53,28) (53,29) (54,29) (54,32) (55,32) (55,33) (56,33) (56,34) (57,34) (57,35)
add_connection 348 221 222 (54,40) (54,41)
add_connection 349 222 240 (56,42) (56,43)
add_connection 350 225 231 (56,6)
add_connection 351 225 235 (55,7) (56,7) (56,12) (57,12)
add_connection 352 226 256 (55,36) (60,36) (60,37) (61,37) (61,36) (62,36)
add_connection 353 226 252 (55,36) (60,36) (60,37) (61,37) (61,36) (62,36) (62,39)
add_connection 354 226 255 (55,36) (60,36) (60,37) (61,37) (61,32) (63,32) (63,30) (62,30)
add_connection 355 226 245 (55,36) (60,36) (60,37) (61,37) (61,32)
add_connection 356 226 239 (55,36) (58,36)
add_connection 357 227 242 (55,75) (56,75) (56,74) (58,74)
add_connection 358 228 229 (55,80) (55,81) (55,82) (55,83) (55,84)
add_connection 359 229 237 (56,85) (56,88)
add_connection 360 230 231 (56,3)
add_connection 361 232 254 (58,50) (58,51) (59,51) (59,54) (60,54) (60,55)
add_connection 362 233 241 (58,59)
add_connection 363 234 236 (56,65)
add_connection 364 235 274 (62,13) (62,14) (64,14) (64,15) (65,15) (65,16) (66,16) (66,17) (67,17)
add_connection 365 235 259 (62,13) (62,11) (63,11)
add_connection 366 235 244 (61,13) (61,14) (60,14)
add_connection 367 236 242 (57,64) (59,64) (59,67) (58,67)
add_connection 368 236 257 (57,64) (59,64) (59,62) (61,62) (61,67) (62,67)
add_connection 369 236 272 (57,64) (59,64) (59,62) (61,62) (61,61) (66,61)
add_connection 370 236 267 (57,64) (59,64) (59,62) (61,62) (61,61) (65,61)
add_connection 371 236 264 (57,64) (59,64) (59,62) (61,62) (61,61) (64,61)
add_connection 372 236 241 (57,64) (59,64) (59,61)
add_connection 373 237 247 (57,90) (58,90) (58,93)
add_connection 374 238 239 (58,27) (57,27) (57,28) (56,28) (56,30) (57,30) (57,31) (58,31) (58,33) (59,33) (59,35)
add_connection 375 239 256 (58,36) (60,36) (60,37) (61,37) (61,36) (62,36)
add_connection 376 239 252 (58,36) (60,36) (60,37) (61,37) (61,36) (62,36) (62,39)
add_connection 377 239 255 (58,36) (60,36) (60,37) (61,37) (61,32) (63,32) (63,30) (62,30)
add_connection 378 239 245 (58,36) (60,36) (60,37) (61,37) (61,32)
add_connection 379 240 260 (58,44) (59,44) (59,46) (60,46) (60,47) (63,47)
add_connection 380 240 253 (58,44) (59,44) (59,46) (60,46) (60,47) (62,47) (62,48) (61,48)
add_connection 381 240 256 (58,44) (59,44) (59,46) (60,46) (60,47) (61,47) (61,43) (62,43)
add_connection 382 241 257 (59,61) (59,62) (61,62) (61,67) (62,67)
add_connection 383 241 272 (59,61) (59,62) (61,62) (61,61) (66,61)
add_connection 384 241 267 (59,61) (59,62) (61,62) (61,61) (65,61)
add_connection 385 241 264 (59,61) (59,62) (61,62) (61,61) (64,61)
add_connection 386 241 242 (59,61) (59,67) (58,67)
add_connection 387 242 257 (58,67) (59,67) (59,62) (61,62) (61,67) (62,67)
add_connection 388 242 272 (58,67) (59,67) (59,62) (61,62) (61,61) (66,61)
add_connection 389 242 267 (58,67) (59,67) (59,62) (61,62) (61,61) (65,61)
add_connection 390 242 264 (58,67) (59,67) (59,62) (61,62) (61,61) (64,61)
add_connection 391 243 248 (60,98)
add_connection 392 244 274 (60,14) (61,14) (61,13) (62,13) (62,14) (64,14) (64,15) (65,15) (65,16) (66,16) (66,17) (67,17)
add_connection 393 244 259 (60,14) (61,14) (61,13) (62,13) (62,11) (63,11)
add_connection 394 245 255 (63,32) (63,30) (62,30)
add_connection 395 245 256 (61,32) (61,36) (62,36)
add_connection 396 245 252 (61,32) (61,36) (62,36) (62,39)
add_connection 397 246 257 (61,82) (61,77) (62,77) (62,74) (61,74) (61,71) (62,71)
add_connection 398 247 248 (60,94)
add_connection 399 249 250 (61,20) (60,20) (60,22)
add_connection 400 250 275 (63,22) (63,23) (64,23) (64,24) (66,24) (66,25)
add_connection 401 251 255 (61,28) (62,28)
add_connection 402 252 256 (62,39)
add_connection 403 252 255 (62,39) (62,36) (61,36) (61,32) (63,32) (63,30) (62,30)
add_connection 404 253 270 (62,49) (62,52) (66,52)
add_connection 405 253 266 (62,49) (62,52) (65,52)
add_connection 406 253 260 (61,48) (62,48) (62,47) (63,47)
add_connection 407 253 256 (61,48) (62,48) (62,47) (61,47) (61,43) (62,43)
add_connection 408 254 271 (62,55) (62,56) (63,56) (63,57) (65,57) (65,58)
add_connection 409 255 256 (62,30) (63,30) (63,32) (61,32) (61,36) (62,36)
add_connection 410 256 260 (62,43) (61,43) (61,47) (63,47)
add_connection 411 257 272 (62,67) (61,67) (61,61) (66,61)
add_connection 412 257 267 (62,67) (61,67) (61,61) (65,61)
add_connection 413 257 264 (62,67) (61,67) (61,61) (64,61)
add_connection 414 258 301 (62,86) (63,86) (63,83) (66,83) (66,80) (68,80) (68,79) (69,79) (69,78) (72,78)
add_connection 415 258 300 (62,86) (63,86) (63,83) (66,83) (66,80) (68,80) (68,79) (69,79) (69,78) (72,78)
add_connection 416 259 274 (63,11) (62,11) (62,14) (64,14) (64,15) (65,15) (65,16) (66,16) (66,17) (67,17)
add_connection 417 261 295 (65,93) (65,87) (69,87) (69,88) (70,88) (70,87) (71,87)
add_connection 418 261 306 (65,93) (65,87) (69,87) (69,86) (73,86) (73,87) (74,87)
add_connection 419 261 301 (65,93) (65,87) (69,87) (69,86) (71,86) (71,85) (72,85)
add_connection 420 261 294 (65,93) (65,87) (69,87) (69,86) (71,86) (71,85) (72,85) (72,82)
add_connection 421 261 273 (65,93) (65,87) (68,87) (68,88) (66,88) (66,93) (67,93) (67,95) (68,95) (68,96) (67,96) (67,97)
add_connection 422 262 269 (64,27) (63,27) (63,28) (64,28) (64,30)
add_connection 423 263 280 (67,55) (67,56)
add_connection 424 263 270 (66,55)
add_connection 425 264 272 (64,61) (66,61)
add_connection 426 264 267 (64,61) (65,61)
add_connection 427 265 287 (68,2) (68,3)
add_connection 428 265 282 (68,2) (68,3) (69,3)
add_connection 429 266 270 (65,52) (66,52)
add_connection 430 267 271 (66,60)
add_connection 431 267 272 (65,61) (66,61)
add_connection 432 268 278 (65,73) (66,73) (66,72)
add_connection 433 269 298 (67,30) (67,31) (71,31) (71,25)
add_connection 434 269 288 (67,30) (67,31) (71,31) (71,25) (70,25)
add_connection 435 269 302 (67,30) (67,31) (70,31) (70,32)
add_connection 436 269 276 (67,30) (67,31) (70,31) (70,35) (67,35)
add_connection 437 269 283 (67,30) (67,31) (69,31)
add_connection 438 270 280 (66,55) (67,55) (67,56)
add_connection 439 271 313 (68,58) (68,57) (71,57) (71,56) (73,56) (73,57) (74,57) (74,53)
add_connection 440 271 308 (68,58) (68,57) (71,57) (71,56) (73,56) (73,57) (74,57) (74,51) (75,51)
add_connection 441 271 323 (68,58) (68,57) (71,57) (71,56) (73,56) (73,58) (78,58) (78,59)
add_connection 442 271 319 (68,58) (68,57) (71,57) (71,56) (73,56) (73,58) (76,58) (76,57) (78,57)
add_connection 443 271 299 (68,58) (68,57) (71,57) (71,54) (72,54)
add_connection 444 271 280 (68,58)
add_connection 445 271 304 (67,58) (67,59) (70,59) (70,60) (74,60)
add_connection 446 271 312 (67,58) (67,59) (69,59) (69,61) (72,61) (72,64) (73,64) (73,65) (74,65) (74,66)
add_connection 447 271 305 (67,58) (67,59) (69,59) (69,61) (72,61) (72,64) (73,64) (73,65) (74,65)
add_connection 448 271 293 (67,58) (67,59) (69,59) (69,61) (72,61) (72,65) (71,65)
add_connection 449 271 278 (67,58) (67,59) (69,59) (69,61) (72,61) (72,65) (71,65) (71,67) (69,67) (69,68) (68,68) (68,69) (67,69)
add_connection 450 273 295 (67,97) (67,96) (68,96) (68,95) (67,95) (67,93) (66,93) (66,88) (68,88) (68,87) (69,87) (69,88) (70,88) (70,87) (71,87)
add_connection 451 273 306 (67,97) (67,96) (68,96) (68,95) (67,95) (67,93) (66,93) (66,88) (68,88) (68,87) (69,87) (69,86) (73,86) (73,87) (74,87)
add_connection 452 273 301 (67,97) (67,96) (68,96) (68,95) (67,95) (67,93) (66,93) (66,88) (68,88) (68,87) (69,87) (69,86) (71,86) (71,85) (72,85)
add_connection 453 273 294 (67,97) (67,96) (68,96) (68,95) (67,95) (67,93) (66,93) (66,88) (68,88) (68,87) (69,87) (69,86) (71,86) (71,85) (72,85) (72,82)
add_connection 454 274 291 (69,18) (69,20) (70,20) (70,14)
add_connection 455 274 317 (69,18) (69,21) (71,21) (71,22) (75,22) (75,21) (77,21) (77,20) (78,20)
add_connection 456 274 307 (69,18) (69,21) (71,21) (71,22) (75,22)
add_connection 457 274 288 (69,18) (69,21) (71,21) (71,23) (70,23)
add_connection 458 274 297 (69,18) (69,17) (68,17) (68,13) (69,13) (69,12) (71,12) (71,10) (72,10)
add_connection 459 274 279 (69,18) (69,17) (68,17)
add_connection 460 275 283 (68,25) (68,29) (69,29)
add_connection 461 276 277 (67,37) (67,38)
add_connection 462 276 302 (67,35) (70,35) (70,32)
add_connection 463 276 298 (67,35) (70,35) (70,31) (71,31) (71,25)
add_connection 464 276 288 (67,35) (70,35) (70,31) (71,31) (71,25) (70,25)
add_connection 465 276 283 (67,35) (70,35) (70,31) (69,31)
add_connection 466 277 292 (67,42) (71,42)
add_connection 467 277 284 (67,42) (70,42) (70,46) (69,46)
add_connection 468 278 293 (67,69) (68,69) (68,68) (69,68) (69,67) (71,67)
add_connection 469 278 312 (67,69) (68,69) (68,68) (69,68) (69,67) (71,67) (71,65) (72,65) (72,64) (73,64) (73,65) (74,65) (74,66)
add_connection 470 278 305 (67,69) (68,69) (68,68) (69,68) (69,67) (71,67) (71,65) (72,65) (72,64) (73,64) (73,65) (74,65)
add_connection 471 278 304 (67,69) (68,69) (68,68) (69,68) (69,67) (71,67) (71,65) (72,65) (72,61) (69,61) (69,59) (70,59) (70,60) (74,60)
add_connection 472 278 313 (67,69) (68,69) (68,68) (69,68) (69,67) (71,67) (71,65) (72,65) (72,61) (69,61) (69,59) (67,59) (67,58) (68,58) (68,57) (71,57) (71,56) (73,56) (73,57) (74,57) (74,53)
add_connection 473 278 308 (67,69) (68,69) (68,68) (69,68) (69,67) (71,67) (71,65) (72,65) (72,61) (69,61) (69,59) (67,59) (67,58) (68,58) (68,57) (71,57) (71,56) (73,56) (73,57) (74,57) (74,51) (75,51)
add_connection 474 278 323 (67,69) (68,69) (68,68) (69,68) (69,67) (71,67) (71,65) (72,65) (72,61) (69,61) (69,59) (67,59) (67,58) (68,58) (68,57) (71,57) (71,56) (73,56) (73,58) (78,58) (78,59)
add_connection 475 278 319 (67,69) (68,69) (68,68) (69,68) (69,67) (71,67) (71,65) (72,65) (72,61) (69,61) (69,59) (67,59) (67,58) (68,58) (68,57) (71,57) (71,56) (73,56) (73,58) (76,58) (76,57) (78,57)
add_connection 476 278 299 (67,69) (68,69) (68,68) (69,68) (69,67) (71,67) (71,65) (72,65) (72,61) (69,61) (69,59) (67,59) (67,58) (68,58) (68,57) (71,57) (71,54) (72,54)
add_connection 477 278 280 (67,69) (68,69) (68,68) (69,68) (69,67) (71,67) (71,65) (72,65) (72,61) (69,61) (69,59) (67,59) (67,58) (68,58)
add_connection 478 279 297 (68,13) (69,13) (69,12) (71,12) (71,10) (72,10)
add_connection 479 279 291 (68,17) (69,17) (69,20) (70,20) (70,14)
add_connection 480 279 317 (68,17) (69,17) (69,21) (71,21) (71,22) (75,22) (75,21) (77,21) (77,20) (78,20)
add_connection 481 279 307 (68,17) (69,17) (69,21) (71,21) (71,22) (75,22)
add_connection 482 279 288 (68,17) (69,17) (69,21) (71,21) (71,23) (70,23)
add_connection 483 280 285 (69,56)
add_connection 484 280 313 (68,57) (71,57) (71,56) (73,56) (73,57) (74,57) (74,53)
add_connection 485 280 308 (68,57) (71,57) (71,56) (73,56) (73,57) (74,57) (74,51) (75,51)
add_connection 486 280 323 (68,57) (71,57) (71,56) (73,56) (73,58) (78,58) (78,59)
add_connection 487 280 319 (68,57) (71,57) (71,56) (73,56) (73,58) (76,58) (76,57) (78,57)
add_connection 488 280 299 (68,57) (71,57) (71,54) (72,54)
add_connection 489 280 304 (68,58) (67,58) (67,59) (70,59) (70,60) (74,60)
add_connection 490 280 312 (68,58) (67,58) (67,59) (69,59) (69,61) (72,61) (72,64) (73,64) (73,65) (74,65) (74,66)
add_connection 491 280 305 (68,58) (67,58) (67,59) (69,59) (69,61) (72,61) (72,64) (73,64) (73,65) (74,65)
add_connection 492 280 293 (68,58) (67,58) (67,59) (69,59) (69,61) (72,61) (72,65) (71,65)
add_connection 493 281 294 (69,82) (70,82)
add_connection 494 282 287 (69,3)
add_connection 495 283 298 (69,31) (71,31) (71,25)
add_connection 496 283 288 (69,31) (71,31) (71,25) (70,25)
add_connection 497 283 302 (69,31) (70,31) (70,32)
add_connection 498 284 285 (69,48)
add_connection 499 284 292 (69,46) (70,46) (70,42) (71,42)
add_connection 500 286 300 (69,74)
add_connection 501 287 289 (70,5)
add_connection 502 288 298 (70,25)
add_connection 503 288 302 (70,25) (71,25) (71,31) (70,31) (70,32)
add_connection 504 288 317 (70,23) (71,23) (71,22) (75,22) (75,21) (77,21) (77,20) (78,20)
add_connection 505 288 307 (70,23) (71,23) (71,22) (75,22)
add_connection 506 288 291 (70,23) (71,23) (71,21) (69,21) (69,20) (70,20) (70,14)
add_connection 507 288 297 (70,23) (71,23) (71,21) (69,21) (69,17) (68,17) (68,13) (69,13) (69,12) (71,12) (71,10) (72,10)
add_connection 508 289 290 (71,6)
add_connection 509 290 297 (71,8) (72,8)
add_connection 510 291 317 (70,14) (70,20) (69,20) (69,21) (71,21) (71,22) (75,22) (75,21) (77,21) (77,20) (78,20)
add_connection 511 291 307 (70,14) (70,20) (69,20) (69,21) (71,21) (71,22) (75,22)
add_connection 512 291 297 (70,14) (70,20) (69,20) (69,17) (68,17) (68,13) (69,13) (69,12) (71,12) (71,10) (72,10)
add_connection 513 293 312 (71,65) (72,65) (72,64) (73,64) (73,65) (74,65) (74,66)
add_connection 514 293 305 (71,65) (72,65) (72,64) (73,64) (73,65) (74,65)
add_connection 515 293 304 (71,65) (72,65) (72,61) (69,61) (69,59) (70,59) (70,60) (74,60)
add_connection 516 293 313 (71,65) (72,65) (72,61) (69,61) (69,59) (67,59) (67,58) (68,58) (68,57) (71,57) (71,56) (73,56) (73,57) (74,57) (74,53)
add_connection 517 293 308 (71,65) (72,65) (72,61) (69,61) (69,59) (67,59) (67,58) (68,58) (68,57) (71,57) (71,56) (73,56) (73,57) (74,57) (74,51) (75,51)
add_connection 518 293 323 (71,65) (72,65) (72,61) (69,61) (69,59) (67,59) (67,58) (68,58) (68,57) (71,57) (71,56) (73,56) (73,58) (78,58) (78,59)
add_connection 519 293 319 (71,65) (72,65) (72,61) (69,61) (69,59) (67,59) (67,58) (68,58) (68,57) (71,57) (71,56) (73,56) (73,58) (76,58) (76,57) (78,57)
add_connection 520 293 299 (71,65) (72,65) (72,61) (69,61) (69,59) (67,59) (67,58) (68,58) (68,57) (71,57) (71,54) (72,54)
add_connection 521 294 306 (72,82) (72,85) (71,85) (71,86) (73,86) (73,87) (74,87)
add_connection 522 294 295 (72,82) (72,85) (71,85) (71,86) (69,86) (69,88) (70,88) (70,87) (71,87)
add_connection 523 294 301 (72,82)
add_connection 524 295 296 (71,92) (71,93)
add_connection 525 295 306 (71,87) (70,87) (70,88) (69,88) (69,86) (73,86) (73,87) (74,87)
add_connection 526 295 301 (71,87) (70,87) (70,88) (69,88) (69,86) (71,86) (71,85) (72,85)
add_connection 527 297 317 (72,10) (71,10) (71,12) (69,12) (69,13) (68,13) (68,17) (69,17) (69,21) (71,21) (71,22) (75,22) (75,21) (77,21) (77,20) (78,20)
add_connection 528 297 307 (72,10) (71,10) (71,12) (69,12) (69,13) (68,13) (68,17) (69,17) (69,21) (71,21) (71,22) (75,22)
add_connection 529 298 302 (71,25) (71,31) (70,31) (70,32)
add_connection 530 299 313 (72,54) (71,54) (71,56) (73,56) (73,57) (74,57) (74,53)
add_connection 531 299 308 (72,54) (71,54) (71,56) (73,56) (73,57) (74,57) (74,51) (75,51)
add_connection 532 299 323 (72,54) (71,54) (71,56) (73,56) (73,58) (78,58) (78,59)
add_connection 533 299 319 (72,54) (71,54) (71,56) (73,56) (73,58) (76,58) (76,57) (78,57)
add_connection 534 299 304 (72,54) (71,54) (71,57) (68,57) (68,58) (67,58) (67,59) (70,59) (70,60) (74,60)
add_connection 535 299 312 (72,54) (71,54) (71,57) (68,57) (68,58) (67,58) (67,59) (69,59) (69,61) (72,61) (72,64) (73,64) (73,65) (74,65) (74,66)
add_connection 536 299 305 (72,54) (71,54) (71,57) (68,57) (68,58) (67,58) (67,59) (69,59) (69,61) (72,61) (72,64) (73,64) (73,65) (74,65)
add_connection 537 300 301 (72,75) (72,76) (72,77) (72,78)
add_connection 538 300 320 (72,73) (73,73) (73,71) (75,71) (75,69) (76,69) (76,71) (77,71) (77,72) (78,72)
add_connection 539 300 305 (72,73) (73,73) (73,71) (75,71) (75,68)
add_connection 540 301 306 (72,85) (71,85) (71,86) (73,86) (73,87) (74,87)
add_connection 541 303 310 (76,3)
add_connection 542 303 325 (74,6) (76,6) (76,7) (77,7) (77,6) (78,6) (78,5)
add_connection 543 303 311 (74,6) (76,6)
add_connection 544 304 312 (74,60) (70,60) (70,59) (69,59) (69,61) (72,61) (72,64) (73,64) (73,65) (74,65) (74,66)
add_connection 545 304 305 (74,60) (70,60) (70,59) (69,59) (69,61) (72,61) (72,64) (73,64) (73,65) (74,65)
add_connection 546 304 313 (74,60) (70,60) (70,59) (67,59) (67,58) (68,58) (68,57) (71,57) (71,56) (73,56) (73,57) (74,57) (74,53)
add_connection 547 304 308 (74,60) (70,60) (70,59) (67,59) (67,58) (68,58) (68,57) (71,57) (71,56) (73,56) (73,57) (74,57) (74,51) (75,51)
add_connection 548 304 323 (74,60) (70,60) (70,59) (67,59) (67,58) (68,58) (68,57) (71,57) (71,56) (73,56) (73,58) (78,58) (78,59)
add_connection 549 304 319 (74,60) (70,60) (70,59) (67,59) (67,58) (68,58) (68,57) (71,57) (71,56) (73,56) (73,58) (76,58) (76,57) (78,57)
add_connection 550 305 320 (75,68) (75,69) (76,69) (76,71) (77,71) (77,72) (78,72)
add_connection 551 305 312 (74,66)
add_connection 552 305 313 (74,65) (73,65) (73,64) (72,64) (72,61) (69,61) (69,59) (67,59) (67,58) (68,58) (68,57) (71,57) (71,56) (73,56) (73,57) (74,57) (74,53)
add_connection 553 305 308 (74,65) (73,65) (73,64) (72,64) (72,61) (69,61) (69,59) (67,59) (67,58) (68,58) (68,57) (71,57) (71,56) (73,56) (73,57) (74,57) (74,51) (75,51)
add_connection 554 305 323 (74,65) (73,65) (73,64) (72,64) (72,61) (69,61) (69,59) (67,59) (67,58) (68,58) (68,57) (71,57) (71,56) (73,56) (73,58) (78,58) (78,59)
add_connection 555 305 319 (74,65) (73,65) (73,64) (72,64) (72,61) (69,61) (69,59) (67,59) (67,58) (68,58) (68,57) (71,57) (71,56) (73,56) (73,58) (76,58) (76,57) (78,57)
add_connection 556 307 317 (75,21) (77,21) (77,20) (78,20)
add_connection 557 308 313 (75,51) (74,51) (74,53)
add_connection 558 308 323 (75,51) (74,51) (74,57) (73,57) (73,58) (78,58) (78,59)
add_connection 559 308 319 (75,51) (74,51) (74,57) (73,57) (73,58) (76,58) (76,57) (78,57)
add_connection 560 308 312 (75,51) (74,51) (74,57) (73,57) (73,56) (71,56) (71,57) (68,57) (68,58) (67,58) (67,59) (69,59) (69,61) (72,61) (72,64) (73,64) (73,65) (74,65) (74,66)
add_connection 561 308 318 (75,42) (76,42) (76,40) (77,40) (77,39)
add_connection 562 309 314 (75,75) (77,75)
add_connection 563 309 320 (75,75) (77,75) (77,73)
add_connection 564 311 335 (77,11) (77,12) (78,12) (78,13) (79,13) (79,12) (80,12) (80,11) (82,11)
add_connection 565 311 326 (77,11) (77,12) (78,12) (78,13) (79,13) (79,12) (80,12)
add_connection 566 311 317 (77,11) (77,12) (78,12)
add_connection 567 311 325 (76,7) (77,7) (77,6) (78,6) (78,5)
add_connection 568 312 334 (76,67) (77,67) (77,68) (79,68) (79,69) (81,69)
add_connection 569 312 324 (76,67) (77,67) (77,68) (78,68) (78,70) (79,70)
add_connection 570 312 313 (74,66) (74,65) (73,65) (73,64) (72,64) (72,61) (69,61) (69,59) (67,59) (67,58) (68,58) (68,57) (71,57) (71,56) (73,56) (73,57) (74,57) (74,53)
add_connection 571 312 323 (74,66) (74,65) (73,65) (73,64) (72,64) (72,61) (69,61) (69,59) (67,59) (67,58) (68,58) (68,57) (71,57) (71,56) (73,56) (73,58) (78,58) (78,59)
add_connection 572 312 319 (74,66) (74,65) (73,65) (73,64) (72,64) (72,61) (69,61) (69,59) (67,59) (67,58) (68,58) (68,57) (71,57) (71,56) (73,56) (73,58) (76,58) (76,57) (78,57)
add_connection 573 313 323 (74,53) (74,57) (73,57) (73,58) (78,58) (78,59)
add_connection 574 313 319 (74,53) (74,57) (73,57) (73,58) (76,58) (76,57) (78,57)
add_connection 575 314 338 (77,78) (78,78) (78,79) (82,79)
add_connection 576 314 321 (77,78) (78,78)
add_connection 577 314 320 (77,73)
add_connection 578 315 330 (78,95) (78,94) (79,94) (79,90) (81,90) (81,88)
add_connection 579 315 316 (77,96) (77,97)
add_connection 580 317 335 (78,13) (79,13) (79,12) (80,12) (80,11) (82,11)
add_connection 581 317 326 (78,13) (79,13) (79,12) (80,12)
add_connection 582 318 331 (78,38) (80,38) (80,37) (81,37)
add_connection 583 318 322 (78,38) (77,38) (77,37) (76,37) (76,36) (77,36) (77,34)
add_connection 584 318 329 (78,38) (77,38) (77,37) (76,37) (76,36) (77,36) (77,33) (78,33) (78,32) (79,32) (79,31) (80,31)
add_connection 585 319 377 (79,55) (79,54) (80,54) (80,53) (81,53) (81,52) (85,52) (85,50) (86,50) (86,49) (87,49) (87,48) (88,48) (88,47) (90,47) (90,46)
add_connection 586 319 333 (79,55) (79,54) (80,54) (80,53) (79,53) (79,52) (80,52) (80,51) (79,51) (79,47) (80,47) (80,45) (81,45)
add_connection 587 319 323 (78,57) (76,57) (76,58) (78,58) (78,59)
add_connection 588 321 346 (80,80) (80,81) (81,81) (81,82)
add_connection 589 321 347 (80,80) (80,81) (81,81) (81,86) (83,86) (83,87)
add_connection 590 321 343 (80,80) (80,81) (81,81) (81,86) (82,86) (82,91) (83,91) (83,92) (84,92) (84,94) (83,94)
add_connection 591 321 330 (80,80) (80,81) (81,81) (81,86) (80,86)
add_connection 592 321 338 (78,79) (82,79)
add_connection 593 322 331 (77,34) (77,36) (76,36) (76,37) (77,37) (77,38) (80,38) (80,37) (81,37)
add_connection 594 322 329 (77,34) (77,33) (78,33) (78,32) (79,32) (79,31) (80,31)
add_connection 595 323 351 (79,58) (81,58) (81,57)
add_connection 596 324 334 (79,70) (78,70) (78,68) (79,68) (79,69) (81,69)
add_connection 597 326 335 (80,11) (82,11)
add_connection 598 327 361 (81,20) (81,22) (82,22) (82,23)
add_connection 599 327 367 (81,20) (81,22) (82,22) (82,23) (83,23) (83,22) (87,22) (87,16)
add_connection 600 327 340 (81,20) (81,22) (82,22) (82,23) (81,23) (81,25)
add_connection 601 327 328 (81,20) (81,22) (82,22) (82,23) (81,23) (81,26)
add_connection 602 327 337 (81,20) (81,19)
add_connection 603 327 336 (81,20) (81,16) (82,16)
add_connection 604 328 340 (81,26) (81,25)
add_connection 605 328 361 (81,26) (81,23)
add_connection 606 328 367 (81,26) (81,23) (83,23) (83,22) (87,22) (87,16)
add_connection 607 328 337 (81,26) (81,23) (82,23) (82,22) (81,22) (81,19)
add_connection 608 328 336 (81,26) (81,23) (82,23) (82,22) (81,22) (81,16) (82,16)
add_connection 609 328 329 (80,27) (81,27) (81,28) (80,28)
add_connection 610 329 349 (81,29) (82,29) (83,29) (84,29)
add_connection 611 329 331 (80,31) (79,31) (79,32) (78,32) (78,33) (77,33) (77,36) (76,36) (76,37) (77,37) (77,38) (80,38) (80,37) (81,37)
add_connection 612 330 347 (80,86) (83,86) (83,87)
add_connection 613 330 343 (80,86) (82,86) (82,91) (83,91) (83,92) (84,92) (84,94) (83,94)
add_connection 614 330 346 (80,86) (81,86) (81,82)
add_connection 615 332 341 (82,42) (82,40) (83,40)
add_connection 616 332 333 (81,43)
add_connection 617 333 377 (81,45) (80,45) (80,47) (79,47) (79,51) (80,51) (80,52) (79,52) (79,53) (81,53) (81,52) (85,52) (85,50) (86,50) (86,49) (87,49) (87,48) (88,48) (88,47) (90,47) (90,46)
add_connection 618 334 345 (82,70) (82,71) (83,71) (83,73)
add_connection 619 335 344 (83,9)
add_connection 620 336 337 (82,16) (81,16) (81,19)
add_connection 621 336 361 (82,16) (81,16) (81,22) (82,22) (82,23)
add_connection 622 336 367 (82,16) (81,16) (81,22) (82,22) (82,23) (83,23) (83,22) (87,22) (87,16)
add_connection 623 336 340 (82,16) (81,16) (81,22) (82,22) (82,23) (81,23) (81,25)
add_connection 624 337 339 (82,18) (83,18)
add_connection 625 337 361 (81,19) (81,22) (82,22) (82,23)
add_connection 626 337 367 (81,19) (81,22) (82,22) (82,23) (83,23) (83,22) (87,22) (87,16)
add_connection 627 337 340 (81,19) (81,22) (82,22) (82,23) (81,23) (81,25)
add_connection 628 339 348 (84,17) (84,16)
add_connection 629 340 361 (81,25) (81,23)
add_connection 630 340 367 (81,25) (81,23) (83,23) (83,22) (87,22) (87,16)
add_connection 631 341 376 (85,38) (85,37)
add_connection 632 341 368 (85,38) (85,36) (87,36) (87,34)
add_connection 633 341 362 (85,38) (85,36) (87,36) (87,34) (88,34)
add_connection 634 341 350 (85,38) (85,36) (86,36) (86,35) (85,35)
add_connection 635 342 355 (86,75)
add_connection 636 342 360 (85,75) (85,77) (86,77) (86,80)
add_connection 637 343 353 (83,97) (84,97) (84,98)
add_connection 638 343 347 (83,94) (84,94) (84,92) (83,92) (83,91) (82,91) (82,86) (83,86) (83,87)
add_connection 639 343 346 (83,94) (84,94) (84,92) (83,92) (83,91) (82,91) (82,86) (81,86) (81,82)
add_connection 640 345 355 (85,73)
add_connection 641 346 369 (84,83) (88,83) (88,82)
add_connection 642 346 347 (81,82) (81,86) (83,86) (83,87)
add_connection 643 347 364 (87,87) (87,86)
add_connection 644 347 352 (84,89)
add_connection 645 350 368 (85,35) (86,35) (86,36) (87,36) (87,34)
add_connection 646 350 362 (85,35) (86,35) (86,36) (87,36) (87,34) (88,34)
add_connection 647 350 376 (85,35) (86,35) (86,36) (85,36) (85,37)
add_connection 648 351 359 (86,57)
add_connection 649 351 354 (85,61) (86,61)
add_connection 650 351 358 (85,53)
add_connection 651 354 388 (86,64) (87,64) (87,65) (89,65) (89,64) (91,64) (91,66)
add_connection 652 354 387 (86,64) (87,64) (87,65) (89,65) (89,64) (91,64) (91,63)
add_connection 653 355 363 (87,73)
add_connection 654 355 360 (86,75) (85,75) (85,77) (86,77) (86,80)
add_connection 655 356 357 (87,4) (86,4) (86,5) (88,5) (88,6) (87,6)
add_connection 656 357 366 (87,11) (88,11) (88,14)
add_connection 657 357 374 (87,11) (88,11) (88,10) (89,10) (89,9)
add_connection 658 357 373 (87,11) (88,11) (88,10) (89,10) (89,9) (90,9) (90,7) (91,7)
add_connection 659 358 378 (87,54) (89,54) (89,51)
add_connection 660 359 392 (92,57) (92,56)
add_connection 661 359 371 (88,57) (88,56) (89,56) (89,55)
add_connection 662 361 382 (89,23) (90,23) (91,23)
add_connection 663 361 375 (89,23) (89,22) (90,22) (90,21)
add_connection 664 361 367 (83,23) (83,22) (87,22) (87,16)
add_connection 665 362 370 (89,31)
add_connection 666 362 368 (88,34)
add_connection 667 362 376 (88,34) (87,34) (87,36) (85,36) (85,37)
add_connection 668 363 379 (89,73) (89,74)
add_connection 669 363 383 (89,73) (89,76) (91,76) (91,78) (92,78)
add_connection 670 363 393 (88,72) (89,72) (89,71) (91,71) (91,70) (93,70) (93,72)
add_connection 671 363 414 (88,72) (89,72) (89,71) (91,71) (91,70) (92,70) (92,69) (94,69) (94,68) (96,68) (96,66) (97,66) (97,65)
add_connection 672 364 365 (88,87)
add_connection 673 364 372 (88,85)
add_connection 674 365 380 (89,88) (89,89) (90,89) (90,90) (91,90)
add_connection 675 366 381 (89,15) (91,15) (91,14) (92,14)
add_connection 676 366 367 (89,15)
add_connection 677 366 374 (88,14) (88,10) (89,10) (89,9)
add_connection 678 366 373 (88,14) (88,10) (89,10) (89,9) (90,9) (90,7) (91,7)
add_connection 679 367 381 (89,15) (91,15) (91,14) (92,14)
add_connection 680 368 376 (87,34) (87,36) (85,36) (85,37)
add_connection 681 369 398 (93,82) (93,83) (95,83)
add_connection 682 370 391 (90,30) (89,30) (89,29) (90,29) (90,28) (92,28) (92,25)
add_connection 683 371 392 (89,55) (89,56) (88,56) (88,57) (92,57) (92,56)
add_connection 684 373 374 (91,7) (90,7) (90,9)
add_connection 685 374 389 (91,8) (93,8) (93,7)
add_connection 686 375 382 (90,21) (90,22) (89,22) (89,23)
add_connection 687 377 385 (92,46) (92,45)
add_connection 688 378 386 (92,51)
add_connection 689 379 415 (91,75) (95,75) (95,77) (97,77) (97,78)
add_connection 690 379 383 (89,74) (89,76) (91,76) (91,78) (92,78)
add_connection 691 380 395 (92,91) (93,91)
add_connection 692 380 404 (91,92) (93,92) (93,95) (94,95) (94,96)
add_connection 693 381 390 (94,12)
add_connection 694 382 406 (92,22) (94,22) (94,20) (97,20)
add_connection 695 383 394 (93,79) (93,80)
add_connection 696 384 402 (93,40)
add_connection 697 384 385 (93,40) (94,40) (94,44) (93,44)
add_connection 698 385 413 (97,45) (97,43)
add_connection 699 385 402 (93,44) (94,44) (94,40)
add_connection 700 387 388 (91,63) (91,66)
add_connection 701 389 400 (94,6) (96,6)
add_connection 702 391 407 (95,25) (95,24)
add_connection 703 391 401 (95,25) (95,22)
add_connection 704 392 397 (94,58)
add_connection 705 393 410 (94,73) (95,73) (95,74)
add_connection 706 393 414 (93,72) (93,70) (92,70) (92,69) (94,69) (94,68) (96,68) (96,66) (97,66) (97,65)
add_connection 707 396 408 (95,34)
add_connection 708 397 409 (96,58)
add_connection 709 398 399 (95,85)
add_connection 710 399 411 (96,86) (96,90)
add_connection 711 399 403 (96,86)
add_connection 712 401 407 (95,22) (95,24)
add_connection 713 402 412 (96,39) (97,39) (97,36)
add_connection 714 402 408 (96,39) (97,39)
add_connection 715 403 411 (96,90)
add_connection 716 405 406 (95,15) (95,16) (96,16) (96,18)
add_connection 717 408 412 (97,36)
all_bites
get_bite_count
