clear_connections
get_bite_count
add_connection 10 1 11
add_connection 11 2 21 (5,22)
add_connection 12 3 13
add_connection 13 4 16
add_connection 14 5 33 (5,24) (5,23)
add_connection 15 6 28 (5,34) (5,35)
add_connection 16 7 40 (3,50) (3,48) (4,48) (4,49) (6,49) (6,50) (7,50) (7,49) (8,49)
add_connection 17 8 45 (6,68) (6,69) (7,69) (7,70)
add_connection 18 9 45 (2,70) (5,70) (5,71) (9,71)
add_connection 19 10 31 (3,93) (3,92) (4,92) (4,93)
add_connection 20 11 26 (6,9)
add_connection 21 11 25 (6,9)
add_connection 22 12 32 (3,16) (7,16)
add_connection 23 12 27 (3,16) (6,16)
add_connection 24 13 52 (4,60) (4,59) (8,59) (8,58) (11,58)
add_connection 25 13 35 (4,60) (4,59) (8,59) (8,58) (9,58) (9,57)
add_connection 26 14 15
add_connection 27 15 23
add_connection 28 16 56 (6,98) (6,96) (7,96) (7,95) (9,95) (9,96)
add_connection 29 17 39 (6,42) (6,41)
add_connection 30 17 22 (6,42) (6,40)
add_connection 31 18 30 (6,66)
add_connection 32 19 87 (6,74) (6,73) (8,73) (8,74) (9,74) (9,75) (12,75) (12,76) (13,76) (13,75) (16,75) (16,74) (18,74) (18,73) (22,73) (22,74) (23,74) (23,75) (21,75) (21,77)
add_connection 33 19 99 (6,74) (6,73) (8,73) (8,74) (9,74) (9,75) (12,75) (12,76) (13,76) (13,75) (16,75) (16,74) (18,74) (18,73) (22,73) (22,74) (23,74)
add_connection 34 19 64 (6,74) (6,73) (8,73) (8,74) (9,74) (9,75) (12,75) (12,76) (13,76) (13,75) (16,75) (16,74) (15,74)
add_connection 35 19 65 (6,74) (6,73) (8,73) (8,74) (9,74) (9,75) (12,75) (12,76) (13,76) (13,75) (15,75)
add_connection 36 20 36
add_connection 37 21 33 (7,21)
add_connection 38 22 39 (6,40) (6,41)
add_connection 39 23 65 (6,80) (6,81) (9,81) (9,79) (12,79) (12,78) (15,78)
add_connection 40 24 41 (7,4) (7,5) (8,5) (8,6) (9,6)
add_connection 41 25 26
add_connection 42 26 41
add_connection 43 27 32 (6,16) (7,16)
add_connection 44 28 42 (7,35) (7,37) (8,37) (8,39)
add_connection 45 29 40 (6,46) (7,46) (7,47) (8,47)
add_connection 46 30 76 (15,65) (15,63) (16,63) (16,64) (17,64) (17,63)
add_connection 47 30 74 (15,65) (15,63) (16,63) (16,64) (17,64)
add_connection 48 31 79 (9,93) (9,92) (11,92) (11,94) (13,94) (13,91) (18,91)
add_connection 49 31 67 (9,93) (9,92) (11,92) (11,94) (13,94) (13,91) (15,91)
add_connection 50 32 47 (8,18) (8,17) (10,17)
add_connection 51 33 50 (7,24)
add_connection 52 34 35
add_connection 53 35 52 (9,57) (9,58) (11,58)
add_connection 54 36 46
add_connection 55 36 37
add_connection 56 38 51 (10,28) (10,29)
add_connection 57 39 42 (9,41)
add_connection 58 40 91 (10,48) (10,49) (14,49) (14,48) (15,48) (15,49) (16,49) (16,50) (18,50) (18,51)
add_connection 59 41 53 (12,10)
add_connection 60 42 70 (13,39) (13,40) (14,40) (14,44) (15,44) (15,45)
add_connection 61 42 55 (13,39) (13,40) (14,40) (14,41) (13,41) (13,42)
add_connection 62 43 55 (10,43) (10,42)
add_connection 63 44 58
add_connection 64 44 52 (11,61)
add_connection 65 45 48 (12,70) (12,73)
add_connection 66 45 62 (12,70) (12,69) (13,69) (13,68)
add_connection 67 46 66 (10,84) (10,85) (11,85) (11,83) (12,83) (12,82)
add_connection 68 47 84 (15,16) (15,17) (18,17) (18,20)
add_connection 69 47 53 (14,16) (14,13)
add_connection 70 48 62 (12,73) (12,69) (13,69) (13,68)
add_connection 71 49 60
add_connection 72 50 63 (13,24) (13,23)
add_connection 73 51 61 (14,29)
add_connection 74 52 58 (11,61)
add_connection 75 53 84 (14,13) (14,16) (15,16) (15,17) (18,17) (18,20)
add_connection 76 54 89 (12,36) (15,36) (15,37) (19,37) (19,36) (20,36) (20,35)
add_connection 77 54 72 (12,36) (15,36) (15,37) (19,37) (19,36) (20,36) (20,33) (19,33) (19,31) (18,31) (18,30) (17,30)
add_connection 78 55 70 (13,42) (13,41) (14,41) (14,44) (15,44) (15,45)
add_connection 79 56 68 (12,95)
add_connection 80 57 69 (16,7)
add_connection 81 58 74
add_connection 82 58 59
add_connection 83 60 79 (13,90)
add_connection 84 61 72 (16,28) (16,29)
add_connection 85 61 63 (15,28)
add_connection 86 62 77 (17,68) (17,69)
add_connection 87 63 72 (15,28) (16,28) (16,29)
add_connection 88 64 87 (15,74) (18,74) (18,73) (22,73) (22,74) (23,74) (23,75) (21,75) (21,77)
add_connection 89 64 99 (15,74) (18,74) (18,73) (22,73) (22,74) (23,74)
add_connection 90 64 65 (15,74) (16,74) (16,75) (15,75)
add_connection 91 65 87 (15,75) (16,75) (16,74) (18,74) (18,73) (22,73) (22,74) (23,74) (23,75) (21,75) (21,77)
add_connection 92 65 99 (15,75) (16,75) (16,74) (18,74) (18,73) (22,73) (22,74) (23,74)
add_connection 93 66 78 (15,81) (16,81) (16,80) (17,80) (17,79) (18,79)
add_connection 94 67 80 (15,93) (18,93)
add_connection 95 67 68
add_connection 96 67 79 (15,91) (18,91)
add_connection 97 68 80 (15,93) (18,93)
add_connection 98 69 104 (17,8) (17,9) (18,9) (18,10) (23,10) (23,14)
add_connection 99 70 73 (16,42)
add_connection 100 71 75 (18,58)
add_connection 101 72 89 (17,30) (18,30) (18,31) (19,31) (19,33) (20,33) (20,35)
add_connection 102 73 90 (19,42) (19,44) (21,44)
add_connection 103 73 82 (19,42)
add_connection 104 74 76 (17,63)
add_connection 105 75 106 (18,60) (24,60) (24,58)
add_connection 106 76 101
add_connection 107 77 99 (19,69) (19,71) (21,71) (21,72)
add_connection 108 78 87
add_connection 109 79 147 (20,90) (20,91) (26,91) (26,89) (28,89) (28,87) (29,87) (29,88) (32,88) (32,87) (33,87) (33,86) (34,86) (34,84) (35,84)
add_connection 110 79 88 (19,90) (19,89) (20,89)
add_connection 111 81 94 (19,3) (21,3) (21,5) (22,5) (22,6)
add_connection 112 82 90 (19,44) (21,44)
add_connection 113 83 93 (19,82) (20,82) (20,80)
add_connection 114 84 118 (24,20) (24,21) (25,21) (25,22) (27,22) (27,24) (28,24) (28,25)
add_connection 115 84 105 (24,20) (24,21) (25,21)
add_connection 116 85 132 (23,26) (23,27) (30,27) (30,28) (32,28)
add_connection 117 86 95 (20,30) (21,30) (21,32) (22,32) (22,34) (23,34)
add_connection 118 87 99 (21,77) (21,75) (23,75)
add_connection 119 88 147 (20,89) (19,89) (19,90) (20,90) (20,91) (26,91) (26,89) (28,89) (28,87) (29,87) (29,88) (32,88) (32,87) (33,87) (33,86) (34,86) (34,84) (35,84)
add_connection 120 89 95 (21,36)
add_connection 121 90 96
add_connection 122 91 148 (25,51) (25,52) (26,52) (26,51) (27,51) (27,50) (29,50) (29,49) (33,49) (33,50)
add_connection 123 91 128 (25,51) (25,52) (26,52) (26,51) (27,51) (27,50) (29,50) (29,49) (32,49) (32,46) (31,46)
add_connection 124 91 110 (25,51) (25,52) (26,52) (26,51) (27,51) (27,50) (28,50) (28,47)
add_connection 125 92 105 (24,17) (24,19)
add_connection 126 93 126 (22,78) (24,78) (24,75) (27,75) (27,74) (28,74) (28,75)
add_connection 127 93 119 (22,78) (24,78) (24,75) (27,75) (27,74) (28,74) (28,75) (29,75) (29,77) (28,77) (28,79) (29,79)
add_connection 128 93 102 (22,78) (24,78) (24,75) (27,75) (27,74) (28,74) (28,72) (26,72) (26,71) (25,71) (25,70) (24,70)
add_connection 129 93 99 (22,78) (24,78) (24,75) (27,75) (27,74) (28,74) (28,72)
add_connection 130 94 107 (25,6) (25,8)
add_connection 131 95 109 (24,36) (24,39) (26,39)
add_connection 132 96 110 (23,46) (25,46) (25,47)
add_connection 133 97 114 (24,53) (24,55)
add_connection 134 98 106 (25,56)
add_connection 135 99 126 (28,72) (28,75)
add_connection 136 99 119 (28,72) (28,75) (29,75) (29,77) (28,77) (28,79) (29,79)
add_connection 137 99 102 (26,72) (26,71) (25,71) (25,70) (24,70)
add_connection 138 100 124 (24,32) (26,32) (26,33) (27,33) (27,34) (30,34)
add_connection 139 101 171 (25,63) (25,62) (28,62) (28,63) (41,63)
add_connection 140 102 126 (24,70) (25,70) (25,71) (26,71) (26,72) (28,72) (28,75)
add_connection 141 102 119 (24,70) (25,70) (25,71) (26,71) (26,72) (28,72) (28,75) (29,75) (29,77) (28,77) (28,79) (29,79)
add_connection 142 103 130 (27,98) (27,97) (31,97)
add_connection 143 104 112 (27,14)
add_connection 144 105 118 (25,22) (27,22) (27,24) (28,24) (28,25)
add_connection 145 106 137 (28,58) (28,59) (29,59) (29,60) (33,60)
add_connection 146 107 108
add_connection 147 108 123 (28,10) (28,13) (29,13) (29,14)
add_connection 148 109 116 (28,38)
add_connection 149 110 148 (28,47) (28,50) (29,50) (29,49) (33,49) (33,50)
add_connection 150 110 128 (28,47) (28,50) (29,50) (29,49) (32,49) (32,46) (31,46)
add_connection 151 111 119 (27,84) (27,82) (29,82)
add_connection 152 112 117 (29,15)
add_connection 153 112 115 (29,15) (29,18)
add_connection 154 113 124 (27,31) (30,31) (30,33) (31,33) (31,35)
add_connection 155 114 125 (28,55) (28,54) (29,54) (29,55) (30,55)
add_connection 156 115 117 (29,18)
add_connection 157 116 127 (29,40) (29,42) (30,42) (30,41) (31,41)
add_connection 158 117 136 (31,20) (31,21) (33,21)
add_connection 159 118 136 (31,25) (31,22)
add_connection 160 119 126 (29,79) (28,79) (28,77) (29,77) (29,75)
add_connection 161 120 140 (32,91) (32,90) (33,90)
add_connection 162 120 139 (32,91) (32,90) (33,90)
add_connection 163 121 140 (29,94) (33,94)
add_connection 164 121 130 (29,94) (31,94)
add_connection 165 122 135 (31,8) (31,7)
add_connection 166 123 131
add_connection 167 124 133 (30,37)
add_connection 168 125 137 (30,57) (31,57) (31,58) (30,58) (30,59)
add_connection 169 126 149 (31,75) (31,74) (34,74) (34,72) (35,72) (35,71)
add_connection 170 126 138 (31,75) (31,74) (34,74) (34,72) (35,72) (35,70)
add_connection 171 126 129 (31,75) (31,74) (32,74) (32,76) (31,76) (31,79) (32,79) (32,80) (31,80)
add_connection 172 127 142 (32,40) (32,39)
add_connection 173 127 133 (32,40)
add_connection 174 128 148 (31,46) (32,46) (32,49) (33,49) (33,50)
add_connection 175 129 149 (31,80) (32,80) (32,79) (31,79) (31,76) (32,76) (32,74) (34,74) (34,72) (35,72) (35,71)
add_connection 176 129 138 (31,80) (32,80) (32,79) (31,79) (31,76) (32,76) (32,74) (34,74) (34,72) (35,72) (35,70)
add_connection 177 130 140 (31,94) (33,94)
add_connection 178 131 154 (34,14) (34,15) (35,15) (35,16) (37,16) (37,17) (38,17)
add_connection 179 131 141 (34,14) (34,13) (33,13) (33,10)
add_connection 180 132 133
add_connection 181 133 142 (32,39)
add_connection 182 134 180 (38,65) (38,66) (42,66) (42,67) (43,67)
add_connection 183 135 141 (33,9) (34,9)
add_connection 184 136 160
add_connection 185 137 146
add_connection 186 138 149 (35,70) (35,71)
add_connection 187 139 173 (35,89) (35,88) (37,88) (37,89) (38,89) (38,88) (41,88)
add_connection 188 139 140
add_connection 189 141 154 (33,10) (33,13) (34,13) (34,15) (35,15) (35,16) (37,16) (37,17) (38,17)
add_connection 190 142 174 (35,39) (35,40) (37,40) (37,41) (41,41) (41,42) (40,42) (40,45) (41,45) (41,46) (42,46)
add_connection 191 142 162 (35,39) (35,40) (37,40) (37,41) (41,41) (41,42) (40,42) (40,44)
add_connection 192 143 193 (35,32) (36,32) (36,33) (38,33) (38,34) (40,34) (40,35) (41,35) (41,36) (42,36) (42,39)
add_connection 193 143 161 (35,32) (36,32) (36,33) (38,33) (38,34) (39,34)
add_connection 194 144 148 (35,49) (36,49)
add_connection 195 145 166
add_connection 196 146 157 (38,59)
add_connection 197 147 168 (38,83) (38,81)
add_connection 198 147 153 (38,83) (38,81) (39,81) (39,80)
add_connection 199 148 155
add_connection 200 149 167
add_connection 201 150 158 (38,78)
add_connection 202 151 159 (37,93) (37,92)
add_connection 203 151 152
add_connection 204 153 168 (39,80) (39,81)
add_connection 205 154 160 (38,20) (39,20)
add_connection 206 155 166 (38,53) (40,53)
add_connection 207 156 183 (43,57) (43,58) (44,58)
add_connection 208 156 175 (42,57)
add_connection 209 157 170
add_connection 210 158 167 (38,74) (39,74) (39,72) (40,72)
add_connection 211 159 189 (40,92) (40,91) (41,91) (41,89) (42,89) (42,86) (43,86) (43,85)
add_connection 212 159 173 (40,92) (40,91) (41,91) (41,89) (42,89) (42,87)
add_connection 213 160 184 (41,22) (41,23) (43,23) (43,26) (44,26) (44,27) (45,27)
add_connection 214 160 165 (41,22) (41,23) (40,23)
add_connection 215 161 193 (39,34) (40,34) (40,35) (41,35) (41,36) (42,36) (42,39)
add_connection 216 162 174 (40,44) (40,45) (41,45) (41,46) (42,46)
add_connection 217 163 177 (42,98)
add_connection 218 164 169 (40,16) (41,16)
add_connection 219 165 184 (40,23) (43,23) (43,26) (44,26) (44,27) (45,27)
add_connection 220 166 175
add_connection 221 167 176 (41,71) (41,72)
add_connection 222 168 188 (43,81) (43,82) (45,82)
add_connection 223 169 203 (41,18) (42,18) (42,19) (41,19) (41,20)
add_connection 224 169 181 (41,18) (42,18) (42,19) (41,19) (41,20) (44,20)
add_connection 225 170 183
add_connection 226 170 171
add_connection 227 172 176 (41,75) (42,75)
add_connection 228 173 189 (42,87) (42,86) (43,86) (43,85)
add_connection 229 174 175 (42,50) (43,50) (43,54)
add_connection 230 175 183 (42,57) (43,57) (43,58) (44,58)
add_connection 231 176 201 (43,72) (43,71) (47,71)
add_connection 232 176 180 (43,72) (43,71) (46,71) (46,69)
add_connection 233 177 191
add_connection 234 178 198 (47,4)
add_connection 235 178 197 (47,4)
add_connection 236 179 194
add_connection 237 180 201 (46,69) (46,71) (47,71)
add_connection 238 181 203 (44,20)
add_connection 239 182 185 (44,47)
add_connection 240 183 204 (47,60) (47,59) (48,59)
add_connection 241 184 213 (45,30)
add_connection 242 185 210 (49,47)
add_connection 243 186 200 (46,50) (46,51) (47,51)
add_connection 244 187 204 (47,56) (47,57) (48,57)
add_connection 245 187 200 (47,56)
add_connection 246 188 196 (46,80)
add_connection 247 189 207 (46,85) (46,83) (47,83) (47,82)
add_connection 248 190 218 (48,94) (48,92) (49,92) (49,90) (51,90)
add_connection 249 190 208 (48,94) (48,92) (49,92) (49,90)
add_connection 250 190 191
add_connection 251 192 212 (48,22) (48,25) (49,25) (49,27)
add_connection 252 192 203 (48,22)
add_connection 253 193 244 (46,43) (48,43) (48,42) (54,42) (54,43) (56,43) (56,44) (57,44) (57,43) (58,43)
add_connection 254 193 242 (46,43) (48,43) (48,42) (54,42) (54,43) (56,43) (56,45) (57,45)
add_connection 255 193 232 (46,43) (48,43) (48,42) (54,42)
add_connection 256 194 205
add_connection 257 195 206
add_connection 258 195 196
add_connection 259 197 198
add_connection 260 198 202 (47,12)
add_connection 261 198 199
add_connection 262 199 203 (47,17) (48,17)
add_connection 263 199 202 (47,12)
add_connection 264 200 204 (47,57) (48,57)
add_connection 265 201 211
add_connection 266 202 209 (49,12)
add_connection 267 203 212 (48,25) (49,25) (49,27)
add_connection 268 204 214 (49,58) (49,59) (50,59)
add_connection 269 205 224 (48,64) (52,64)
add_connection 270 206 216 (50,76) (50,74)
add_connection 271 206 207 (49,76) (49,79) (48,79)
add_connection 272 207 216 (48,79) (49,79) (49,76) (50,76) (50,74)
add_connection 273 208 218 (51,90)
add_connection 274 210 222 (52,46)
add_connection 275 211 229 (50,72) (50,69)
add_connection 276 212 227 (50,28) (53,28)
add_connection 277 212 226 (50,28) (52,28) (52,27) (53,27)
add_connection 278 213 228 (53,30)
add_connection 279 213 227 (53,30)
add_connection 280 214 233 (54,60)
add_connection 281 214 223 (52,60)
add_connection 282 215 236 (51,8) (53,8) (53,9)
add_connection 283 216 256 (53,74) (53,72) (54,72) (54,73) (55,73) (55,71) (57,71) (57,69) (58,69) (58,68) (61,68)
add_connection 284 216 238 (53,74) (53,72) (54,72) (54,73) (55,73) (55,71) (57,71) (57,69) (58,69) (58,68) (61,68) (61,67) (56,67)
add_connection 285 216 229 (53,74) (53,72) (54,72) (54,73) (55,73) (55,71) (57,71) (57,69) (58,69) (58,68) (61,68) (61,67) (56,67) (56,66) (55,66) (55,67) (54,67) (54,69)
add_connection 286 216 233 (53,74) (53,72) (54,72) (54,73) (55,73) (55,71) (57,71) (57,69) (58,69) (58,68) (61,68) (61,67) (56,67) (56,66) (55,66) (55,65)
add_connection 287 217 235 (52,84) (52,81) (53,81) (53,80) (54,80) (54,79)
add_connection 288 217 218
add_connection 289 219 234 (53,94) (53,92) (54,92)
add_connection 290 220 221
add_connection 291 221 226 (52,25)
add_connection 292 222 242 (55,45) (55,46) (56,46) (56,47)
add_connection 293 223 233 (52,60) (54,60)
add_connection 294 224 233
add_connection 295 225 237 (54,13) (54,16)
add_connection 296 226 227 (53,27) (52,27) (52,28) (53,28)
add_connection 297 227 228
add_connection 298 228 250 (53,32) (56,32) (56,34) (57,34) (57,35) (58,35) (58,36) (60,36)
add_connection 299 228 244 (53,32) (56,32) (56,34) (57,34) (57,35) (58,35) (58,36) (59,36) (59,42)
add_connection 300 228 231 (53,32) (56,32) (56,34) (57,34) (57,35) (58,35) (58,36)
add_connection 301 229 256 (54,69) (54,67) (55,67) (55,66) (56,66) (56,67) (61,67)
add_connection 302 229 238 (54,69) (54,67) (55,67) (55,66) (56,66)
add_connection 303 229 233 (54,69) (54,67) (55,67) (55,65)
add_connection 304 230 246 (54,88) (54,89) (55,89) (55,87) (56,87) (56,80) (58,80) (58,79) (59,79)
add_connection 305 230 235 (54,88) (54,89) (55,89) (55,87) (56,87) (56,80) (58,80) (58,79)
add_connection 306 230 234 (54,88)
add_connection 307 231 250 (60,36)
add_connection 308 231 244 (59,36) (59,42)
add_connection 309 232 244 (54,43) (56,43) (56,44) (57,44) (57,43) (58,43)
add_connection 310 232 242 (54,43) (56,43) (56,45) (57,45)
add_connection 311 233 256 (55,65) (55,66) (56,66) (56,67) (61,67)
add_connection 312 233 238 (55,65) (55,66) (56,66)
add_connection 313 234 246 (54,89) (55,89) (55,87) (56,87) (56,80) (58,80) (58,79) (59,79)
add_connection 314 234 235 (54,89) (55,89) (55,87) (56,87) (56,80) (58,80) (58,79)
add_connection 315 235 246 (59,79)
add_connection 316 236 245 (56,13) (58,13) (58,15) (59,15)
add_connection 317 236 237 (56,13) (58,13) (58,15) (56,15)
add_connection 318 237 240 (56,22)
add_connection 319 237 245 (56,15) (59,15)
add_connection 320 238 256 (56,67) (61,67)
add_connection 321 238 243 (56,60) (57,60)
add_connection 322 239 247 (56,90)
add_connection 323 240 241
add_connection 324 241 249 (57,25) (58,25) (58,28) (59,28) (59,29)
add_connection 325 242 251 (57,48) (59,48) (59,50)
add_connection 326 242 244 (57,45) (56,45) (56,44) (57,44) (57,43) (58,43)
add_connection 327 244 250 (59,42) (59,36) (60,36)
add_connection 328 246 276 (60,77) (60,76) (64,76) (64,75) (65,75) (65,74)
add_connection 329 247 252 (59,86)
add_connection 330 248 257 (62,6)
add_connection 331 249 254 (61,29)
add_connection 332 249 250 (60,31) (59,31) (59,34)
add_connection 333 251 263 (60,49)
add_connection 334 252 260
add_connection 335 253 262 (64,16) (64,14) (63,14)
add_connection 336 253 258 (61,17) (62,17)
add_connection 337 254 259 (61,22)
add_connection 338 255 366 (61,63) (62,63) (62,69) (68,69) (68,71) (69,71) (69,72) (73,72) (73,73) (84,73) (84,74) (86,74) (86,73)
add_connection 339 255 350 (61,63) (62,63) (62,69) (68,69) (68,71) (69,71) (69,72) (73,72) (73,73) (82,73) (82,75) (83,75) (83,76)
add_connection 340 255 315 (61,63) (62,63) (62,69) (68,69) (68,71) (69,71) (69,72) (73,72) (73,73) (75,73) (75,75) (76,75) (76,78) (75,78) (75,79) (76,79) (76,80) (77,80) (77,81)
add_connection 341 255 295 (61,63) (62,63) (62,69) (68,69) (68,71) (69,71) (69,72) (73,72) (73,73) (75,73) (75,74) (74,74) (74,76) (73,76) (73,78) (72,78)
add_connection 342 255 309 (61,63) (62,63) (62,69) (68,69) (68,71) (69,71) (69,72) (73,72) (73,73) (74,73) (74,72) (75,72) (75,71) (76,71) (76,68) (77,68)
add_connection 343 255 293 (61,63) (62,63) (62,69) (68,69) (68,71) (69,71) (69,72) (71,72)
add_connection 344 255 285 (61,63) (62,63) (62,69) (68,69) (68,71) (69,71) (69,72) (70,72)
add_connection 345 255 256 (61,63) (62,63) (62,69)
add_connection 346 256 366 (68,69) (68,71) (69,71) (69,72) (73,72) (73,73) (84,73) (84,74) (86,74) (86,73)
add_connection 347 256 350 (68,69) (68,71) (69,71) (69,72) (73,72) (73,73) (82,73) (82,75) (83,75) (83,76)
add_connection 348 256 315 (68,69) (68,71) (69,71) (69,72) (73,72) (73,73) (75,73) (75,75) (76,75) (76,78) (75,78) (75,79) (76,79) (76,80) (77,80) (77,81)
add_connection 349 256 295 (68,69) (68,71) (69,71) (69,72) (73,72) (73,73) (75,73) (75,74) (74,74) (74,76) (73,76) (73,78) (72,78)
add_connection 350 256 309 (68,69) (68,71) (69,71) (69,72) (73,72) (73,73) (74,73) (74,72) (75,72) (75,71) (76,71) (76,68) (77,68)
add_connection 351 256 293 (68,69) (68,71) (69,71) (69,72) (71,72)
add_connection 352 256 285 (68,69) (68,71) (69,71) (69,72) (70,72)
add_connection 353 257 265 (62,9)
add_connection 354 258 297 (62,21) (64,21) (64,20) (68,20) (68,19) (70,19) (70,18) (71,18) (71,17) (72,17) (72,15)
add_connection 355 258 283 (62,21) (64,21) (64,20) (66,20) (66,19) (67,19) (67,16) (69,16) (69,15)
add_connection 356 258 296 (62,21) (64,21) (64,20) (66,20) (66,19) (67,19) (67,14) (68,14) (68,11) (71,11) (71,10) (73,10)
add_connection 357 258 259
add_connection 358 259 297 (62,21) (64,21) (64,20) (68,20) (68,19) (70,19) (70,18) (71,18) (71,17) (72,17) (72,15)
add_connection 359 259 283 (62,21) (64,21) (64,20) (66,20) (66,19) (67,19) (67,16) (69,16) (69,15)
add_connection 360 259 296 (62,21) (64,21) (64,20) (66,20) (66,19) (67,19) (67,14) (68,14) (68,11) (71,11) (71,10) (73,10)
add_connection 361 260 280 (62,85) (64,85) (64,84) (67,84) (67,94) (68,94)
add_connection 362 260 269 (62,85) (64,85) (64,84) (67,84) (67,94)
add_connection 363 260 286 (62,85) (64,85) (64,84) (67,84) (67,81)
add_connection 364 260 264 (62,85) (64,85) (64,84) (66,84) (66,86) (64,86) (64,87) (63,87)
add_connection 365 261 262
add_connection 366 261 265 (63,10) (64,10)
add_connection 367 263 279 (65,49) (65,48) (66,48) (66,47)
add_connection 368 263 274 (65,49) (65,48) (66,48) (66,47) (67,47)
add_connection 369 263 266 (63,52) (64,52)
add_connection 370 264 280 (63,87) (64,87) (64,86) (66,86) (66,84) (67,84) (67,94) (68,94)
add_connection 371 264 269 (63,87) (64,87) (64,86) (66,86) (66,84) (67,84) (67,94)
add_connection 372 264 286 (63,87) (64,87) (64,86) (66,86) (66,84) (67,84) (67,81)
add_connection 373 265 270 (65,9) (65,8)
add_connection 374 265 267 (65,9) (65,6) (66,6)
add_connection 375 266 294 (66,53) (66,56) (72,56)
add_connection 376 266 284 (66,53) (66,56) (70,56)
add_connection 377 266 292 (66,53) (66,56) (68,56) (68,53) (69,53) (69,52) (71,52)
add_connection 378 267 270 (66,6) (65,6) (65,8)
add_connection 379 268 293 (68,64) (68,65) (71,65) (71,67) (70,67) (70,68) (71,68)
add_connection 380 268 298 (68,64) (68,65) (71,65) (71,61)
add_connection 381 268 284 (68,64) (68,65) (71,65) (71,61) (72,61) (72,60) (70,60)
add_connection 382 268 275 (66,63) (67,63)
add_connection 383 269 280 (68,94)
add_connection 384 269 286 (67,94) (67,81)
add_connection 385 270 288 (68,8) (68,7)
add_connection 386 270 278 (68,8)
add_connection 387 271 290 (67,32) (68,32) (68,33)
add_connection 388 271 281 (67,29) (69,29)
add_connection 389 272 273 (71,34) (71,37) (69,37) (69,38) (68,38) (68,39) (67,39)
add_connection 390 272 290 (71,34)
add_connection 391 273 282 (67,41)
add_connection 392 273 274
add_connection 393 273 290 (67,39) (68,39) (68,38) (69,38) (69,37) (71,37)
add_connection 394 274 279 (67,47)
add_connection 395 274 282 (67,41)
add_connection 396 276 285
add_connection 397 277 278
add_connection 398 278 288 (68,7)
add_connection 399 280 286 (68,94) (67,94) (67,81)
add_connection 400 283 297 (69,15) (69,16) (67,16) (67,19) (66,19) (66,20) (68,20) (68,19) (70,19) (70,18) (71,18) (71,17) (72,17) (72,15)
add_connection 401 283 296 (69,15) (69,16) (67,16) (67,14) (68,14) (68,11) (71,11) (71,10) (73,10)
add_connection 402 284 298 (70,60) (72,60) (72,61)
add_connection 403 284 293 (70,60) (72,60) (72,61) (71,61) (71,67) (70,67) (70,68) (71,68)
add_connection 404 284 294 (70,56) (72,56)
add_connection 405 284 292 (70,56) (68,56) (68,53) (69,53) (69,52) (71,52)
add_connection 406 285 366 (70,72) (73,72) (73,73) (84,73) (84,74) (86,74) (86,73)
add_connection 407 285 350 (70,72) (73,72) (73,73) (82,73) (82,75) (83,75) (83,76)
add_connection 408 285 315 (70,72) (73,72) (73,73) (75,73) (75,75) (76,75) (76,78) (75,78) (75,79) (76,79) (76,80) (77,80) (77,81)
add_connection 409 285 295 (70,72) (73,72) (73,73) (75,73) (75,74) (74,74) (74,76) (73,76) (73,78) (72,78)
add_connection 410 285 309 (70,72) (73,72) (73,73) (74,73) (74,72) (75,72) (75,71) (76,71) (76,68) (77,68)
add_connection 411 285 293 (70,72) (71,72)
add_connection 412 286 295 (71,81) (71,79)
add_connection 413 286 299 (70,83) (73,83) (73,84)
add_connection 414 286 300 (70,87) (72,87) (72,88) (73,88) (73,89)
add_connection 415 286 318 (70,87) (72,87) (72,88) (73,88) (73,89) (74,89) (74,93)
add_connection 416 286 301 (70,87) (72,87) (72,88) (73,88) (73,89) (74,89) (74,93) (75,93)
add_connection 417 286 287 (70,87) (71,87) (71,89) (72,89) (72,92) (71,92) (71,94) (70,94)
add_connection 418 287 300 (70,94) (71,94) (71,92) (72,92) (72,89) (71,89) (71,87) (72,87) (72,88) (73,88) (73,89)
add_connection 419 287 318 (70,94) (71,94) (71,92) (72,92) (72,89) (71,89) (71,87) (72,87) (72,88) (73,88) (73,89) (74,89) (74,93)
add_connection 420 287 301 (70,94) (71,94) (71,92) (72,92) (72,89) (71,89) (71,87) (72,87) (72,88) (73,88) (73,89) (74,89) (74,93) (75,93)
add_connection 421 287 299 (70,94) (71,94) (71,92) (72,92) (72,89) (71,89) (71,87) (70,87) (70,83) (73,83) (73,84)
add_connection 422 289 290
add_connection 423 289 302 (71,29) (73,29) (73,28) (75,28) (75,29) (76,29) (76,26) (77,26) (77,25) (76,25)
add_connection 424 291 292
add_connection 425 292 294 (71,52) (69,52) (69,53) (68,53) (68,56) (72,56)
add_connection 426 293 366 (71,72) (73,72) (73,73) (84,73) (84,74) (86,74) (86,73)
add_connection 427 293 350 (71,72) (73,72) (73,73) (82,73) (82,75) (83,75) (83,76)
add_connection 428 293 315 (71,72) (73,72) (73,73) (75,73) (75,75) (76,75) (76,78) (75,78) (75,79) (76,79) (76,80) (77,80) (77,81)
add_connection 429 293 295 (71,72) (73,72) (73,73) (75,73) (75,74) (74,74) (74,76) (73,76) (73,78) (72,78)
add_connection 430 293 309 (71,72) (73,72) (73,73) (74,73) (74,72) (75,72) (75,71) (76,71) (76,68) (77,68)
add_connection 431 293 298 (71,68) (70,68) (70,67) (71,67) (71,61)
add_connection 432 294 303 (73,54) (73,53) (74,53) (74,51) (76,51)
add_connection 433 294 307 (73,54) (73,53) (74,53) (74,51) (76,51) (76,50) (75,50) (75,49) (74,49) (74,45) (76,45) (76,43)
add_connection 434 295 315 (72,78) (73,78) (73,76) (74,76) (74,74) (75,74) (75,75) (76,75) (76,78) (75,78) (75,79) (76,79) (76,80) (77,80) (77,81)
add_connection 435 295 366 (72,78) (73,78) (73,76) (74,76) (74,74) (75,74) (75,73) (84,73) (84,74) (86,74) (86,73)
add_connection 436 295 350 (72,78) (73,78) (73,76) (74,76) (74,74) (75,74) (75,73) (82,73) (82,75) (83,75) (83,76)
add_connection 437 295 309 (72,78) (73,78) (73,76) (74,76) (74,74) (75,74) (75,73) (74,73) (74,72) (75,72) (75,71) (76,71) (76,68) (77,68)
add_connection 438 296 297 (73,10) (71,10) (71,11) (68,11) (68,14) (67,14) (67,19) (66,19) (66,20) (68,20) (68,19) (70,19) (70,18) (71,18) (71,17) (72,17) (72,15)
add_connection 439 299 300 (73,84) (73,83) (70,83) (70,87) (72,87) (72,88) (73,88) (73,89)
add_connection 440 299 318 (73,84) (73,83) (70,83) (70,87) (72,87) (72,88) (73,88) (73,89) (74,89) (74,93)
add_connection 441 299 301 (73,84) (73,83) (70,83) (70,87) (72,87) (72,88) (73,88) (73,89) (74,89) (74,93) (75,93)
add_connection 442 300 311 (76,89) (76,90)
add_connection 443 300 318 (74,89) (74,93)
add_connection 444 300 301 (74,89) (74,93) (75,93)
add_connection 445 301 312
add_connection 446 301 318 (75,93)
add_connection 447 302 305 (76,19) (77,19)
add_connection 448 303 307 (76,50) (75,50) (75,49) (74,49) (74,45) (76,45) (76,43)
add_connection 449 304 331 (77,63) (77,64) (80,64) (80,62) (81,62) (81,60)
add_connection 450 304 328 (77,63) (77,64) (80,64) (80,62) (81,62) (81,60) (80,60) (80,59) (81,59)
add_connection 451 304 309 (77,63)
add_connection 452 304 314 (77,63) (77,60) (78,60) (78,59) (77,59) (77,58) (78,58)
add_connection 453 306 313 (77,34)
add_connection 454 308 314 (77,57)
add_connection 455 309 317
add_connection 456 309 366 (77,68) (76,68) (76,71) (75,71) (75,72) (74,72) (74,73) (84,73) (84,74) (86,74) (86,73)
add_connection 457 309 350 (77,68) (76,68) (76,71) (75,71) (75,72) (74,72) (74,73) (82,73) (82,75) (83,75) (83,76)
add_connection 458 309 315 (77,68) (76,68) (76,71) (75,71) (75,72) (74,72) (74,73) (75,73) (75,75) (76,75) (76,78) (75,78) (75,79) (76,79) (76,80) (77,80) (77,81)
add_connection 459 309 331 (77,64) (80,64) (80,62) (81,62) (81,60)
add_connection 460 309 328 (77,64) (80,64) (80,62) (81,62) (81,60) (80,60) (80,59) (81,59)
add_connection 461 309 314 (77,60) (78,60) (78,59) (77,59) (77,58) (78,58)
add_connection 462 310 321 (77,84) (76,84) (76,82) (79,82) (79,83)
add_connection 463 310 315 (77,84) (76,84) (76,82) (78,82)
add_connection 464 311 322
add_connection 465 312 319 (77,96) (79,96)
add_connection 466 313 327 (78,36) (80,36) (80,37)
add_connection 467 314 331 (78,58) (77,58) (77,59) (78,59) (78,60) (77,60) (77,64) (80,64) (80,62) (81,62) (81,60)
add_connection 468 314 328 (78,58) (77,58) (77,59) (78,59) (78,60) (77,60) (77,64) (80,64) (80,62) (81,62) (81,60) (80,60) (80,59) (81,59)
add_connection 469 315 321 (78,82) (79,82) (79,83)
add_connection 470 315 366 (77,81) (77,80) (76,80) (76,79) (75,79) (75,78) (76,78) (76,75) (75,75) (75,73) (84,73) (84,74) (86,74) (86,73)
add_connection 471 315 350 (77,81) (77,80) (76,80) (76,79) (75,79) (75,78) (76,78) (76,75) (75,75) (75,73) (82,73) (82,75) (83,75) (83,76)
add_connection 472 316 329 (79,42) (80,42) (80,45) (81,45) (81,46) (82,46)
add_connection 473 317 344
add_connection 474 317 349 (79,67) (81,67) (81,68) (85,68)
add_connection 475 320 339 (83,20) (83,22) (84,22)
add_connection 476 320 324 (81,20)
add_connection 477 321 332 (82,83)
add_connection 478 322 333 (80,92) (82,92)
add_connection 479 323 345 (83,13) (83,15) (85,15)
add_connection 480 324 339 (81,20) (83,20) (83,22) (84,22)
add_connection 481 325 346 (85,30)
add_connection 482 326 327 (81,35) (82,35) (82,36) (81,36)
add_connection 483 327 341 (81,38)
add_connection 484 328 336 (83,58)
add_connection 485 328 331 (81,59) (80,59) (80,60)
add_connection 486 329 342 (83,47) (83,48)
add_connection 487 329 335 (83,47)
add_connection 488 329 347 (83,47) (83,44) (82,44) (82,43) (83,43) (83,42)
add_connection 489 329 341 (83,47) (83,44) (82,44) (82,43) (83,43) (83,39) (84,39)
add_connection 490 330 348 (84,53) (84,54)
add_connection 491 330 335 (83,53)
add_connection 492 330 336 (82,56)
add_connection 493 331 343 (83,60) (83,59)
add_connection 494 332 337 (83,84)
add_connection 495 334 359 (84,9) (84,13) (88,13)
add_connection 496 334 352 (84,9) (84,13) (85,13) (85,10) (86,10)
add_connection 497 335 348 (83,53) (84,53) (84,54)
add_connection 498 335 342 (83,48)
add_connection 499 335 347 (83,44) (82,44) (82,43) (83,43) (83,42)
add_connection 500 335 341 (83,44) (82,44) (82,43) (83,43) (83,39) (84,39)
add_connection 501 337 357 (84,86) (84,87)
add_connection 502 337 358 (84,86) (84,87) (86,87) (86,91) (87,91)
add_connection 503 338 351
add_connection 504 339 360
add_connection 505 339 345 (87,23) (87,21) (85,21)
add_connection 506 340 354 (86,27) (86,28) (87,28)
add_connection 507 341 347 (84,39) (83,39) (83,42)
add_connection 508 341 342 (84,39) (83,39) (83,43) (82,43) (82,44) (83,44) (83,48)
add_connection 509 341 355 (84,37)
add_connection 510 341 346 (84,37) (85,37)
add_connection 511 342 371 (85,48) (85,45) (90,45)
add_connection 512 342 347 (83,48) (83,44) (82,44) (82,43) (83,43) (83,42)
add_connection 513 343 365 (84,58) (85,58) (85,56) (86,56) (86,55)
add_connection 514 344 353 (85,66) (85,65)
add_connection 515 345 360 (85,21) (87,21) (87,23)
add_connection 516 346 354
add_connection 517 346 355 (85,37)
add_connection 518 347 361 (87,42) (87,41)
add_connection 519 348 386 (87,54) (87,51) (91,51) (91,49)
add_connection 520 348 381 (87,54) (87,51) (91,51) (91,49) (92,49)
add_connection 521 350 367 (85,77) (86,77) (86,78) (88,78) (88,79)
add_connection 522 350 366 (83,76) (83,75) (82,75) (82,73) (84,73) (84,74) (86,74) (86,73)
add_connection 523 351 363 (89,4)
add_connection 524 352 359 (86,10) (85,10) (85,13) (88,13)
add_connection 525 353 356 (86,66) (87,66)
add_connection 526 353 394 (86,63) (93,63) (93,64) (94,64) (94,65)
add_connection 527 353 382 (86,63) (87,63) (87,62) (90,62) (90,59) (91,59) (91,60)
add_connection 528 353 403 (86,63) (87,63) (87,62) (90,62) (90,58) (92,58) (92,57) (93,57) (93,56) (94,56) (94,55) (96,55) (96,54)
add_connection 529 354 374 (88,33) (88,32) (91,32)
add_connection 530 356 406 (87,69) (91,69) (91,70) (92,70) (92,73) (95,73) (95,74)
add_connection 531 356 383 (87,69) (91,69) (91,70) (92,70)
add_connection 532 356 387 (87,69) (91,69) (91,70) (92,70) (92,69)
add_connection 533 357 376 (90,87) (90,89) (91,89)
add_connection 534 357 396 (90,87) (90,85)
add_connection 535 357 358 (86,87) (86,91) (87,91)
add_connection 536 358 362 (87,95)
add_connection 537 358 368 (87,94) (86,94) (86,97)
add_connection 538 359 364 (88,17) (89,17) (89,18) (90,18) (90,19) (89,19)
add_connection 539 360 373 (88,27) (90,27) (90,29)
add_connection 540 360 364 (88,20)
add_connection 541 362 368 (87,95) (87,94) (86,94) (86,97)
add_connection 542 363 369 (89,7)
add_connection 543 367 395 (90,79) (90,80)
add_connection 544 369 370
add_connection 545 370 378 (90,14) (92,14)
add_connection 546 370 372 (90,14) (91,14)
add_connection 547 371 385 (90,43) (91,43) (91,42) (93,42) (93,40) (94,40) (94,38)
add_connection 548 371 375 (90,43) (91,43) (91,41) (92,41) (92,40) (91,40)
add_connection 549 372 379 (91,18)
add_connection 550 372 378 (91,14) (92,14)
add_connection 551 373 399 (92,29) (92,24) (95,24) (95,25) (96,25)
add_connection 552 373 392 (92,29) (92,24) (95,24)
add_connection 553 373 379 (92,29)
add_connection 554 373 374
add_connection 555 375 385 (91,40) (92,40) (92,41) (91,41) (91,42) (93,42) (93,40) (94,40) (94,38)
add_connection 556 376 390 (92,90) (92,89) (93,89) (93,90)
add_connection 557 376 388 (92,90) (92,89) (93,89)
add_connection 558 376 396 (91,89) (90,89) (90,85)
add_connection 559 376 401 (90,90) (90,92) (92,92) (92,93) (94,93) (94,94) (96,94)
add_connection 560 377 384 (92,4)
add_connection 561 378 391 (94,10) (94,9)
add_connection 562 378 384 (94,10) (94,9) (93,9)
add_connection 563 379 399 (92,24) (95,24) (95,25) (96,25)
add_connection 564 379 392 (92,24) (95,24)
add_connection 565 380 381
add_connection 566 381 386 (92,49)
add_connection 567 382 400 (94,60) (94,58)
add_connection 568 382 394 (91,60) (91,59) (90,59) (90,62) (87,62) (87,63) (93,63) (93,64) (94,64) (94,65)
add_connection 569 382 403 (91,60) (91,59) (90,59) (90,58) (92,58) (92,57) (93,57) (93,56) (94,56) (94,55) (96,55) (96,54)
add_connection 570 383 406 (92,73) (95,73) (95,74)
add_connection 571 383 387 (92,69)
add_connection 572 384 391 (93,9)
add_connection 573 385 389 (93,37) (94,37)
add_connection 574 386 409 (94,49) (94,47) (95,47) (95,46) (96,46) (96,43) (97,43) (97,41) (98,41)
add_connection 575 387 405 (96,69) (96,71)
add_connection 576 387 406 (92,69) (92,73) (95,73) (95,74)
add_connection 577 388 390 (93,90)
add_connection 578 389 393 (94,33)
add_connection 579 390 407
add_connection 580 391 402 (95,10) (97,10)
add_connection 581 392 399 (95,25) (96,25)
add_connection 582 392 398 (95,22) (96,22)
add_connection 583 394 404 (95,64) (96,64) (96,63)
add_connection 584 394 403 (94,65) (94,64) (93,64) (93,63) (87,63) (87,62) (90,62) (90,58) (92,58) (92,57) (93,57) (93,56) (94,56) (94,55) (96,55) (96,54)
add_connection 585 397 398
add_connection 586 408 409 (97,36) (97,38) (98,38)
all_bites
get_bite_count
