add_contour 1 "hill_1_1" 1 (1,1) (2,1) (3,1) (4,1) (5,1) (6,1) (7,1) (8,1) (9,1) (10,1) (11,1) (12,1) (13,1) (14,1) (15,1) (16,1) (17,1) (1,8) (2,8) (3,8) (4,8) (5,8) (6,8) (7,8) (8,8) (9,8) (10,8) (11,8) (12,8) (13,8) (14,8) (15,8) (16,8) (17,8) (1,1) (1,2) (1,3) (1,4) (1,5) (1,6) (1,7) (18,1) (18,2) (18,3) (18,4) (18,5) (18,6) (18,7) (18,8)
add_contour 1 "hill_1_1" 1 (1,1) (2,1) (3,1) (4,1) (5,1) (6,1) (7,1) (8,1) (9,1) (10,1) (11,1) (12,1) (13,1) (14,1) (15,1) (16,1) (17,1) (1,8) (2,8) (3,8) (4,8) (5,8) (6,8) (7,8) (8,8) (9,8) (10,8) (11,8) (12,8) (13,8) (14,8) (15,8) (16,8) (17,8) (1,1) (1,2) (1,3) (1,4) (1,5) (1,6) (1,7) (18,1) (18,2) (18,3) (18,4) (18,5) (18,6) (18,7) (18,8)
add_contour 2 "hill_1_1_2" 2  (2,2) (3,2) (4,2) (5,2) (6,2) (7,2) (2,7) (3,7) (4,7) (5,7) (6,7) (7,7) (2,2) (2,3) (2,4) (2,5) (2,6) (8,2) (8,3) (8,4) (8,5) (8,6) (8,7)
add_subcontour_to_contour 2 1
add_subcontour_to_contour 2 1
add_contour 3 "hill_1_1_3" 3  (3,3) (4,3) (5,3) (6,3) (3,6) (4,6) (5,6) (6,6) (3,3) (3,4) (3,5) (7,3) (7,4) (7,5) (7,6)
add_subcontour_to_contour 3 2
add_contour 4 "hill_1_1_4" 4  (4,4) (5,4) (4,5) (5,5) (4,4) (6,4) (6,5)
add_subcontour_to_contour 4 3
add_contour 5 "hill_1_2_2" 2  (9,2) (10,2) (11,2) (12,2) (13,2) (14,2) (15,2) (16,2) (9,7) (10,7) (11,7) (12,7) (13,7) (14,7) (15,7) (16,7) (9,2) (9,3) (9,4) (9,5) (9,6) (17,2) (17,3) (17,4) (17,5) (17,6) (17,7)
add_subcontour_to_contour 5 1
add_subcontour_to_contour 5 1
add_contour 6 "hill_1_2_3" 3  (10,3) (11,3) (12,3) (13,3) (14,3) (15,3) (10,6) (11,6) (12,6) (13,6) (14,6) (15,6) (10,3) (10,4) (10,5) (16,3) (16,4) (16,5) (16,6)
add_subcontour_to_contour 6 5
add_contour 7 "hill_1_2_4" 4  (11,4) (12,4) (13,4) (14,4) (11,5) (12,5) (13,5) (14,5) (11,4) (15,4) (15,5)
add_subcontour_to_contour 7 6
add_contour 8 "hill_1_2_4" 4  (11,4) (12,4) (13,4) (14,4) (11,5) (12,5) (13,5) (14,5) (11,4) (15,4) (15,5)
add_subcontour_to_contour 8 5
add_contour 9 "valley_2_1" -1 (1,10) (2,10) (3,10) (4,10) (5,10) (6,10) (7,10) (8,10) (9,10) (10,10) (11,10) (12,10) (13,10) (14,10) (15,10) (16,10) (17,10) (1,17) (2,17) (3,17) (4,17) (5,17) (6,17) (7,17) (8,17) (9,17) (10,17) (11,17) (12,17) (13,17) (14,17) (15,17) (16,17) (17,17) (1,10) (1,11) (1,12) (1,13) (1,14) (1,15) (1,16) (18,10) (18,11) (18,12) (18,13) (18,14) (18,15) (18,16) (18,17)
add_contour 9 "valley_2_1" -1 (1,10) (2,10) (3,10) (4,10) (5,10) (6,10) (7,10) (8,10) (9,10) (10,10) (11,10) (12,10) (13,10) (14,10) (15,10) (16,10) (17,10) (1,17) (2,17) (3,17) (4,17) (5,17) (6,17) (7,17) (8,17) (9,17) (10,17) (11,17) (12,17) (13,17) (14,17) (15,17) (16,17) (17,17) (1,10) (1,11) (1,12) (1,13) (1,14) (1,15) (1,16) (18,10) (18,11) (18,12) (18,13) (18,14) (18,15) (18,16) (18,17)
add_contour 10 "valley_2_1_2" -2  (2,11) (3,11) (4,11) (5,11) (2,16) (3,16) (4,16) (5,16) (2,11) (2,12) (2,13) (2,14) (2,15) (6,11) (6,12) (6,13) (6,14) (6,15) (6,16)
add_subcontour_to_contour 10 9
add_subcontour_to_contour 10 1
add_contour 11 "valley_2_1_3" -3  (3,12) (4,12) (3,15) (4,15) (3,12) (3,13) (3,14) (5,12) (5,13) (5,14) (5,15)
add_subcontour_to_contour 11 10
add_contour 12 "valley_2_1_4" -4  (4,13) (4,13) (4,14)
add_subcontour_to_contour 12 11
add_contour 13 "valley_2_2_2" -2  (7,11) (8,11) (9,11) (10,11) (7,16) (8,16) (9,16) (10,16) (7,11) (7,12) (7,13) (7,14) (7,15) (11,11) (11,12) (11,13) (11,14) (11,15) (11,16)
add_subcontour_to_contour 13 9
add_subcontour_to_contour 13 1
add_contour 14 "valley_2_2_3" -3  (8,12) (9,12) (8,15) (9,15) (8,12) (8,13) (8,14) (10,12) (10,13) (10,14) (10,15)
add_subcontour_to_contour 14 13
add_contour 15 "valley_2_2_4" -4  (9,13) (9,13) (9,14)
add_subcontour_to_contour 15 14
add_contour 16 "valley_2_3_2" -2  (12,11) (13,11) (14,11) (15,11) (16,11) (12,16) (13,16) (14,16) (15,16) (16,16) (12,11) (12,12) (12,13) (12,14) (12,15) (17,11) (17,12) (17,13) (17,14) (17,15) (17,16)
add_subcontour_to_contour 16 9
add_subcontour_to_contour 16 1
add_contour 17 "valley_2_3_3" -3  (13,12) (14,12) (15,12) (13,15) (14,15) (15,15) (13,12) (13,13) (13,14) (16,12) (16,13) (16,14) (16,15)
add_subcontour_to_contour 17 16
add_contour 18 "valley_2_3_4" -4  (14,13) (14,14) (14,13) (15,13) (15,14)
add_subcontour_to_contour 18 17
add_contour 19 "valley_2_3_4" -4  (14,13) (14,14) (14,13) (15,13) (15,14)
add_subcontour_to_contour 19 16
all_subcontours_of_contour 1
all_subcontours_of_contour 2
all_subcontours_of_contour 3
all_subcontours_of_contour 4
all_subcontours_of_contour 5
all_subcontours_of_contour 6
all_subcontours_of_contour 7
all_subcontours_of_contour 8
all_subcontours_of_contour 9
all_subcontours_of_contour 10
all_subcontours_of_contour 11
all_subcontours_of_contour 12
all_subcontours_of_contour 13
all_subcontours_of_contour 14
all_subcontours_of_contour 15
all_subcontours_of_contour 16
all_subcontours_of_contour 17
all_subcontours_of_contour 18
all_subcontours_of_contour 19
all_subcontours_of_contour 20
